-0.178961181640625 -0.162693610229492 8.0 0.079208 -0.0834856102294922
-1.62857299804688 -0.537426699862546 3.0 1.03635703726264 0.498930337400097
-1.37818481445312 0.0433951238012098 6.0 1.68226925628952 1.72566438009073
-1.52779663085937 -0.0833111720044655 7.0 2.63800942611964 2.55469825411517
-2.03740844726563 -0.226697914123601 5.0 3.18821566122283 2.96151774709923
-1.96702026367188 0.0307125162065731 5.0 3.3924262702695 3.42313878647607
-1.83663208007813 0.0418102674801257 6.0 3.84020276482973 3.88201303230986
-1.96624389648438 -0.0623270290096296 5.0 4.05878713952311 3.99646011051348
-2.41585571289062 -0.199092558239115 5.0 4.22948120037417 4.03038864213506
-2.66546752929687 -0.121743713008162 4.0 4.19622920573171 4.07448549272355
-2.95507934570312 -0.161775116336517 4.0 4.21725358115061 4.05547846481409
-3.40469116210937 -0.230696182425485 3.0 4.14844087103115 3.91774468860567
-3.15430297851562 0.0903469972056601 5.0 3.74924473182129 3.83959172902695
-3.82391479492187 -0.347509919508943 3.0 3.9307705957361 3.58326067622716
-4.75352661132812 -0.472992143118196 3.0 3.74540847376345 3.27241633064525
-6.06313842773438 -0.624537068300084 1.0 3.4079686326586 2.78343156435851
-7.53275024414063 -0.770717122736965 3.0 3.04898593779813 2.27826881506116
-10.2223620605469 -1.34013462431807 1.0 2.79959342723317 1.45945880291511
-13.4319738769531 -1.56370250809691 -3.0 2.0079729144112 0.44427040631429
-16.2815856933594 -1.42605833698188 -4.0 0.873947566974946 -0.552110770006936
-18.8511975097656 -1.27398685455538 -6.0 -0.250136798867736 -1.52412365342312
-21.4608093261719 -1.29659317713234 -8.0 -1.44530595587298 -2.74189913300532
-24.0704211425781 -1.31335151524355 -9.0 -2.66305120439031 -3.97640271963386
-27.3400329589844 -1.62047864147359 -11.0 -3.8381615596656 -5.45864020113919
-30.6296447753906 -1.61795593686671 -13.0 -5.41363594341425 -7.03159188028096
-33.2992565917969 -1.32851969546676 -15.0 -7.03128972088465 -8.35980941635141
-35.5088684082031 -1.12932340402157 -16.0 -8.48585916011415 -9.61518256413572
-37.4784802246093 -0.994805923478978 -17.0 -9.89687620804426 -10.8916821315232
-39.4080920410156 -0.980112236355893 -18.0 -11.2141936066438 -12.1943058429997
-41.2377038574218 -0.931197055002265 -19.0 -12.4544069844352 -13.3856040394375
-42.9873156738281 -0.879463784938082 -20.0 -13.814203398156 -14.6936671830941
-44.0769274902343 -0.525638921012309 -23.0 -15.3138258903753 -15.8394648113876
-43.7665393066406 0.133041407677183 -23.0 -16.7074288131139 -16.5743874054367
-42.1561511230469 0.775438711324604 -22.0 -17.7808678539225 -17.0054291425979
-39.7657629394531 1.16579383592551 -21.0 -18.3897237170772 -17.2239298811517
-35.9953747558593 1.90820450086823 -20.0 -18.8870931368424 -16.9788886359742
-31.1049865722656 2.36882745192865 -16.0 -18.6237211804069 -16.2548937284783
-26.1945983886718 2.4284048989707 -13.0 -17.8418049857279 -15.4134000867572
-22.4842102050781 1.88229077751366 -11.0 -16.6184135862903 -14.7361228087766
-19.4338220214843 1.53954174412326 -12.0 -15.6489563676369 -14.1094146235136
-15.7834338378906 1.83376969549155 -10.0 -14.872239731729 -13.0384700362374
-11.7930456542968 2.02252232623719 -9.0 -13.9217276128303 -11.8992052865931
-7.20265747070308 2.23799877586987 -5.0 -12.5309267004669 -10.292927924597
-2.77226928710933 2.21977410207534 -3.0 -10.9601717534382 -8.74039765136291
1.73811889648442 2.2707026133549 -3.0 -9.51738055200872 -7.24667793865382
5.62850708007817 1.90724228353472 2.0 -7.62554537303852 -5.71830308950379
8.47889526367192 1.41437632033423 4.0 -5.79901889666414 -4.38464257632992
9.36928344726567 0.478454124438416 5.0 -3.90744808300069 -3.42899395856227
9.17967163085942 -0.0177340996150139 0.0 -2.96467757881009 -2.9824116784251
10.5700598144532 0.691714357862347 3.0 -2.64593449019091 -1.95422013232856
11.0404479980469 0.254354838351885 1.0 -1.56077437594029 -1.30641953758841
11.8308361816407 0.374944555230385 3.0 -0.926004826692391 -0.551060271462006
12.0812243652344 0.148114755771195 2.0 -0.174954990984336 -0.0268402352131412
13.0716125488282 0.512320021392409 0.0 -0.0364314198962464 0.475888601496162
15.7820007324219 1.3764175418097 0.0 -0.0266657583975735 1.34975178341212
19.9923889160157 2.02259690518212 4.0 0.499015650489876 2.52161255567199
25.0427770996094 2.48358725094056 6.0 1.32849062102964 3.81207787197021
30.5531652832032 2.73899241851536 9.0 2.5312634204202 5.27025583893556
36.0035534667969 2.73116619232778 12.0 4.09867697407097 6.82984316639874
41.2139416503907 2.61870127137846 14.0 5.86038144494983 8.47908271632829
45.9643298339844 2.36739968405755 18.0 7.88883911568202 10.2562387997396
49.6147180175782 1.81734264203165 22.0 9.98226948381384 11.7996121258455
51.0051062011719 0.682135238897125 24.0 12.382715150715 13.0648503896121
49.3554943847657 -0.775069532237829 22.0 14.3360326543973 13.5609631221595
45.6258825683594 -1.84221182021046 19.0 15.3838244669277 13.5416126467173
41.4562707519532 -1.97766719837628 13.0 15.3147665015875 13.3370993032113
37.6066589355469 -1.95135837558897 14.0 14.9953000209507 13.0439416453618
32.4570471191407 -2.63572713818237 15.0 14.8117006533037 12.1759735151213
24.7674353027344 -3.68319404461548 5.0 13.7989897775062 10.1157957328908
17.9178234863281 -3.28570283640157 -6.0 11.4809615109555 8.19525867455394
15.2882116699219 -1.39286001242903 -3.0 8.63814065667396 7.24528064424492
15.4985998535156 -0.0023003546471223 -1.0 6.50061150912122 6.49831115447409
16.0489880371094 0.207179045151674 0.0 5.42601673463502 5.6331957797867
16.8793762207031 0.450371692339761 -4.0 4.12332636564184 4.5736980579816
20.9897644042969 2.02330645618721 -3.0 2.44986133604888 4.4731677922361
27.8401525878906 3.35218796267281 2.0 2.0138353561635 5.3660233188363
35.1105407714844 3.52058647267905 10.0 3.06403099677188 6.58461746945093
41.8009289550781 3.3647003915902 12.0 4.40319626594693 7.76789665753713
47.9713171386719 3.10732460167023 15.0 5.97972690590973 9.08705150757996
53.6617053222656 2.85112918249683 17.0 7.87542370298543 10.7265528854823
58.4320935058594 2.3827067668686 20.0 9.96167788604291 12.3443846529115
62.1024816894531 1.8439755976453 23.0 12.0320412501017 13.876016847747
63.8728698730469 0.86257220215505 25.0 14.2976257252486 15.1601979274036
62.7032580566406 -0.557957815464029 24.0 16.2084692139513 15.6505113984872
59.1136462402344 -1.6988801383869 21.0 17.3098803912167 15.6110002528298
54.6040344238281 -2.21353173029245 18.0 17.6166955998754 15.403163869583
49.4144226074219 -2.59885028871948 16.0 17.4647711269549 14.8659208382354
43.7248107910156 -2.85331993294968 13.0 16.6805432527228 13.8272233197731
36.7951989746094 -3.47254267033311 10.0 15.758865224265 12.2863225539319
28.8055871582031 -3.87137422677102 0.0 13.6756661749282 9.80429194815717
22.3559753417969 -3.23515026597389 -1.0 10.9851407248641 7.74999045889022
16.5063635253906 -2.96111513806532 -3.0 8.66014133691817 5.69902619885285
11.0767517089844 -2.73160495820083 -7.0 6.06881160440686 3.33720664620603
5.38713989257811 -2.85292734798615 -8.0 3.64790385970007 0.794976511713924
-0.682471923828144 -3.0393793854299 -12.0 1.25218521747484 -1.78719416795506
-7.1520837402344 -3.17252676864822 -18.0 -1.54992896205968 -4.7224557307079
-12.0616955566406 -2.45224994870189 -20.0 -4.93228422518164 -7.38453417388353
-15.7313073730469 -1.83609738743681 -23.0 -7.9729456547292 -9.80904304216601
-18.5609191894531 -1.44719617942092 -24.0 -10.6396699041025 -12.0868660835234
-20.7905310058594 -1.1452473767094 -23.0 -13.0007361293387 -14.1459835060481
-23.1801428222657 -1.18825601088626 -25.0 -15.0353365440947 -16.223592554981
-25.0897546386719 -0.950528432084855 -27.0 -17.0277769286581 -17.978305360743
-25.3393664550782 -0.136752594482356 -29.0 -19.1818308541557 -19.318583448638
-24.1889782714844 0.57437581636211 -28.0 -20.8578602130401 -20.283484396678
-21.5385900878907 1.28570575050172 -27.0 -22.1571890994437 -20.8714833489419
-17.5282019042969 1.9888862751767 -26.0 -23.0255814590169 -21.0366951838402
-12.4578137207032 2.51987144150038 -23.0 -23.2038722458552 -20.6840008043549
-6.00742553710943 3.2306353763197 -21.0 -23.105164638174 -19.8745292618542
1.56296264648432 3.75030607435957 -18.0 -22.3615372563675 -18.6112311820079
9.31335083007807 3.83950914340836 -12.0 -20.779059792486 -16.9395506490776
16.8837390136718 3.73848057992614 -7.0 -18.6013642774154 -14.8628836974892
23.2341271972656 3.16323957421721 -5.0 -16.1306382888857 -12.9673987146685
28.8045153808593 2.79313894399123 -2.0 -13.841378466562 -11.0482395225707
33.8349035644531 2.54960489208369 2.0 -11.5466624644909 -8.99705757240726
37.8452917480468 2.03479487192466 0.0 -9.18863210610581 -7.15383723418115
41.6356799316406 1.80270181757946 7.0 -6.78334183344278 -4.98064001586332
42.7660681152343 0.509179981721708 13.0 -4.08623354146709 -3.57705355974538
39.2164562988281 -1.38647282013985 -1.0 -2.84851304902412 -4.23498586916397
41.3068444824218 0.836797731863953 7.0 -2.80489571042884 -1.96809797856488
41.2972326660156 0.244258614936605 -1.0 -1.82106327129512 -1.57680465635852
42.8076208496093 0.558236802394077 7.0 -0.865615617171605 -0.307378814777527
41.6780090332031 -0.437857544026571 0.0 0.0719062944268473 -0.365951249599723
41.5683972167968 -0.0541730485169225 1.0 0.0350216488521756 -0.0191513996647469
41.8787854003906 0.132187335167799 1.0 0.104505773021797 0.236693108189597
42.1491735839843 0.119936815880848 2.0 0.423138807685321 0.543075623566169
42.6595617675781 0.251583172462958 1.0 0.535988029093831 0.787571201556789
43.1499499511718 0.266640704072508 1.0 0.691804644290674 0.958445348363182
43.6203381347656 0.217862039944635 2.0 0.993832771361794 1.21169481130643
44.1107263183593 0.230839571020617 2.0 1.10736397807464 1.33820354909525
44.5011145019531 0.215423239164473 1.0 1.12994384295835 1.34536708212282
45.1315026855469 0.31954389824952 1.0 1.21185315958421 1.53139705783373
46.0818908691406 0.460008862172074 0.0 1.12474663106535 1.58475549323742
48.0122790527344 0.987486502588091 0.0 0.920877120199924 1.90836362278801
51.5426672363281 1.7463754389418 3.0 0.953288848352368 2.69966428729417
55.6130554199219 1.98349047767426 5.0 1.60145817281833 3.58494865049259
59.2234436035156 1.7962042382558 8.0 2.59308286047646 4.38928709873226
62.1538317871094 1.47228002837403 9.0 3.68862260309609 5.16090263147012
64.2442199707031 1.01259183717628 12.0 4.97367958965256 5.98627142682884
64.2946081542969 0.0593370003068756 12.0 6.3717588842729 6.43109588457978
63.0249963378906 -0.601241333355986 12.0 7.17699452474194 6.57575319138596
60.0753845214844 -1.36427199582155 4.0 7.42631509638279 6.06204310056125
58.0257727050781 -1.08062571796722 7.0 7.1677743323009 6.08714861433368
55.9561608886719 -1.03572519018768 5.0 6.7360790968384 5.70035390665072
53.1865490722656 -1.35819868100861 4.0 6.33407448127835 4.97587580026974
49.8769372558593 -1.5862944316813 0.0 5.71376328908571 4.12746885740441
46.3873254394531 -1.7778421796552 0.0 4.90202554311744 3.12418336346225
43.1177136230468 -1.56959574520749 -4.0 3.4926453640791 1.92304961887161
40.7881018066406 -1.21232996117173 -3.0 2.16397593611288 0.951645974941154
38.5784899902343 -1.08204025300992 -6.0 0.81117133672912 -0.270868916280801
37.0488781738281 -0.776805017953699 -7.0 -0.579818022362521 -1.35662304031622
35.3992663574218 -0.829468754369849 -8.0 -1.68618343422018 -2.51565218859002
34.3696545410156 -0.523589154493781 -8.0 -2.9938660759129 -3.51745523040669
34.2600427246093 -0.0364906847700262 -10.0 -4.16183920911044 -4.19832989388047
35.4104309082031 0.582628977441061 -10.0 -5.22023661232262 -4.63760763488156
37.8008190917968 1.14355375674535 -8.0 -5.84622250791752 -4.70266875117217
41.1912072753906 1.66728454230675 -6.0 -6.19445209373184 -4.52716755142509
44.4815954589843 1.62778680731991 -4.0 -5.84705523360413 -4.21926842628422
47.5519836425781 1.54664315646506 -4.0 -5.38805298543176 -3.84140982896671
50.6823718261718 1.54557654150723 -1.0 -4.84799071425922 -3.30241417275199
53.0527600097656 1.20655056193947 0.0 -3.90583057498269 -2.69928001304322
54.6631481933593 0.80541198656212 1.0 -2.96946032372355 -2.16404833716143
55.6335363769531 0.504031060006604 1.0 -2.24994491898694 -1.74591385898033
55.8839245605468 0.133147659516212 2.0 -1.52159323586158 -1.38844557634537
56.0543127441406 0.18784206343215 -1.0 -1.19136939785153 -1.00352733441938
56.0047009277343 -0.0324270372695921 0.0 -0.684130357398783 -0.716557394668375
56.2350891113281 0.0677635463611281 -1.0 -0.54409861802694 -0.476335071665812
56.9854772949218 0.328732516486674 0.0 -0.607169743538554 -0.278437227051879
58.5558654785156 0.771640622846569 0.0 -0.733992241367258 0.0376483814793106
59.3662536621093 0.36659969454422 0.0 -0.168283278342529 0.198316416201691
59.6566418457031 0.159926311766611 1.0 0.140670193433826 0.300596505200438
60.0470300292968 0.23926691895516 0.0 0.192324120380491 0.431591039335651
