-1.91985725438067 0.0 -10.6658736354482 -0.342831652567976 -13 0.342831652567976
-0.924275334561659 -0.194900295560496 -0.944462240588522 -0.165049166886011 -2 0.165049166886011
-0.720011865084169 -0.308065804808429 3.66556095350214 -0.128573547336459 3 0.128573547336459
-3.60462378314988 -0.457299520681737 -0.563158408663177 -0.643682818419621 -5 0.643682818419621
-7.91507180178421 -0.850456111063785 -4.17467656827927 -1.41340567889004 -13 1.41340567889004
-16.1200113470497 -1.66994235556078 -11.8356379836462 -2.8785734548303 -30 2.8785734548303
-27.4158992905906 -2.93653234571019 -32.3827844200711 -4.89569630189117 -63 4.89569630189117
-15.5147779203615 -4.15605105592924 10.7144612408037 -2.7704960572074 -9 2.7704960572074
-6.21526599309526 -4.87925716251112 15.9011525663868 -1.10986892733844 5 1.10986892733844
5.14627165878555 -5.09610882378144 23.4026679837824 0.918977081925991 23 -0.918977081925991
22.2526115449052 -4.41596636019791 38.0875895595033 3.97368063301878 56 -3.97368063301878
39.6358353592048 -2.57005822630169 22.8250111989961 7.07782774271515 60 -7.07782774271515
43.4245425147249 0.273923961648425 -18.0218968814718 7.75438259191516 26 -7.75438259191516
32.0115809407504 2.893273506788 -29.1307982639841 5.71635373941972 6 -5.71635373941972
16.886780729321 4.68096137484169 -30.2402190222545 3.01549655880732 -9 -3.01549655880732
8.88656973187731 5.682423766437 -13.595315513365 1.58688745212095 1 -1.58688745212095
1.42427846826874 6.25387002323139 -10.2836996608639 0.254335440762276 -3 -0.254335440762276
-5.25949968858066 6.31074445164674 -18.1147076560047 -0.939196372960832 -17 0.939196372960832
-20.2893621027358 5.59522979997403 -32.5836798014198 -3.62310037548854 -47 3.62310037548854
-34.5493546928685 3.88182418873778 -7.38195236460347 -6.16952762372653 -38 6.16952762372653
-34.263388214675 1.42267129644512 27.4037634714391 -6.11846218119196 -5 6.11846218119196
-19.7375031251715 -0.551837650675146 40.1790675724762 -3.52455412949492 20 3.52455412949492
-7.79430841689619 -1.81349172203684 24.9374925629837 -1.39184078873146 15 1.39184078873146
1.21133379205962 -2.52177436696632 51.7969072120543 0.216309605724932 50 -0.216309605724932
2.85337014591123 -2.8155903621801 45.5180307162948 0.509530383198434 46 -0.509530383198434
2.51674927929734 -2.89935139547812 52.6932902193528 0.449419514160239 52 -0.449419514160239
12.6513179106019 -2.9780132860309 106.924865043442 2.25916391260748 100 -2.25916391260748
26.8160624611407 -3.85893110321552 115.363481502968 4.78858258234654 100 -4.78858258234654
24.0709415723845 -6.34013875547865 14.2600148518528 4.29838242364009 32 -4.29838242364009
33.0915245044327 -5.15932177393505 23.7612949495579 5.90920080436298 52 -5.90920080436298
48.8851401083489 -3.33182794748094 20.3685495537326 8.7294893050623 66 -8.7294893050623
56.6615482439626 -0.731612719298896 -18.2533650656372 10.1181336149933 38 -10.1181336149933
43.3678112589254 2.74007242854867 14.2437727321161 7.74425201052239 60 -7.74425201052239
25.5875045163871 4.7746447917361 19.4425809781608 4.56919723506913 50 -4.56919723506913
7.52475973574173 5.77996741618336 15.3865907101654 1.34370709566817 29 -1.34370709566817
-6.61104924358876 6.18477327779753 -6.82934870289458 -1.18054450778371 -7 1.18054450778371
-12.995310592312 5.89985396909677 -13.9063857434609 -2.32059117719857 -21 2.32059117719857
-29.2830262608566 4.68675018837674 -25.0699348884919 -5.22911183229581 -50 5.22911183229581
-39.5791166370906 2.27609791860716 -9.97796839014609 -7.06769939948046 -47 7.06769939948046
-35.5018159444657 -0.376120669864773 -9.41342733241813 -6.33960999008316 -45 6.33960999008316
-35.0832231745003 -2.72540663677731 -16.2417237348785 -6.26486128116076 -54 6.26486128116076
-27.5821797121482 -4.53571221457246 -7.67264582476128 -4.92538923431218 -40 4.92538923431218
-22.5746894729711 -6.09518459409099 17.6859585957932 -4.03119454874484 -11 4.03119454874484
-20.4220243337126 -7.56175538097006 8.75496896404569 -3.64679005959153 -19 3.64679005959153
-5.96143832269848 -8.40371782719269 10.0506834806875 -1.06454255762473 -4 1.06454255762473
10.2012684286936 -8.37839496689084 27.8783391998126 1.82165507655244 30 -1.82165507655244
26.2899422537239 -7.3302479978432 21.8970087025222 4.69463254530784 41 -4.69463254530784
32.7556189695022 -5.43144612171835 7.06856764083981 5.8492176731254 34 -5.8492176731254
33.2126604103952 -3.38156550935689 13.380770553069 5.93083221614201 43 -5.93083221614201
21.0565449277501 -1.59904749883285 -29.8868862407907 3.7600973085268 -10 -3.7600973085268
11.7707749283855 -0.404576016159571 -26.4824489848792 2.10192409435456 -15 -2.10192409435456
9.22277597536378 0.381019189269186 -8.96125255062427 1.64692428131496 1 -1.64692428131496
9.02556048017618 1.03701659988024 -4.47674549751449 1.61170722860289 6 -1.61170722860289
12.2619118867265 1.72067212357789 4.19205621818464 2.18962712262973 18 -2.18962712262973
19.19015580277 2.77468911976195 6.62004297760582 3.42681353620894 29 -3.42681353620894
33.823785573926 4.51282407231305 20.6870027047631 6.03996170962965 59 -6.03996170962965
23.3518027563374 6.38523320888786 -4.2855542072019 4.16996477791739 25 -4.16996477791739
-8.92923775357891 6.83727818021465 -20.0016944616204 -1.59450674171052 -22 1.59450674171052
-22.0306236940026 5.97003554293586 -1.34577953228866 -3.9340399453576 -17 3.9340399453576
-28.5993554243414 4.03105826834461 13.9769401453158 -5.10702775434668 -11 5.10702775434668
-28.0125018212223 1.92064784619013 -1.4327874952871 -5.00223246807541 -28 5.00223246807541
-28.4648458999328 0.104084578431849 -15.6819625926952 -5.08300819641658 -44 5.08300819641658
-23.8450499030674 -1.5032375889711 3.95542979107971 -4.25804462554775 -21 4.25804462554775
-11.9891193548024 -2.82828308850428 31.2613235425961 -2.14091417050043 16 2.14091417050043
15.9213467650404 -2.75279336124624 22.3740119241279 2.84309763661435 36 -2.84309763661435
27.1143491035236 -1.1277861160626 -3.17127474062501 4.84184805420064 23 -4.84184805420064
0.979982175525097 0.0624439269939932 -45.1599414411364 0.174996817058053 -44 -0.174996817058053
-40.0915880335289 -1.00539066641185 -45.5862569904264 -7.15921214884445 -87 7.15921214884445
-49.4386655844531 -3.75501355782843 10.8171661234999 -8.82833314008091 -42 8.82833314008091
-13.7383524013662 -6.25104765826107 59.1870336176448 -2.45327721452968 39 2.45327721452968
37.9130357136272 -5.35692312808569 60.6484229227148 6.770184948862 93 -6.770184948862
48.4139173363266 -2.33883720033194 -6.06823984158356 8.64534238148689 40 -8.64534238148689
26.6540884763839 0.354347526175567 -36.8682666638971 4.75965865649712 -10 -4.75965865649712
-1.88307532964749 1.4972930454925 -48.5765057610418 -0.336263451722767 -49 0.336263451722767
-17.2377049194004 1.43021007430405 -44.1011460083043 -3.07816159275007 -60 3.07816159275007
-12.1693172372387 0.902989599785002 -20.6310700653662 -2.17309236379263 -32 2.17309236379263
-7.4527149951884 0.262106250294649 -7.13470578850933 -1.3308419634265 -14 1.3308419634265
-2.37691124311232 -0.259816442528211 8.70465866486709 -0.424448436270058 6 0.424448436270058
-5.234749979239 -0.604174177828132 5.70766306148788 -0.934776782006964 0 0.934776782006964
-1.62096841038363 -0.704600578244766 -1.48351395692891 -0.289458644711363 -4 0.289458644711363
-2.49218767633154 -0.909011494168216 1.13510794222503 -0.445033513630632 -2 0.445033513630632
-5.66733227034589 -1.17115710308559 -2.87108381538761 -1.01202361970462 -10 1.01202361970462
-7.51514380611794 -1.61905147496278 0.535639005116764 -1.3419899653782 -9 1.3419899653782
-8.86686721842339 -2.16152763971465 -0.944364642397959 -1.58336914614703 -12 1.58336914614703
-8.60264978066043 -2.70380702533378 -0.982604961228196 -1.53618746083222 -12 1.53618746083222
-6.46980251719379 -3.12912922468716 2.9672265436814 -1.15532187807032 -7 1.15532187807032
-7.0168052369395 -3.56169487117317 -0.168547026126856 -1.25300093516777 -11 1.25300093516777
-10.8364549016805 -4.1516696956343 -4.48284055251973 -1.93508123244295 -19 1.93508123244295
-13.5140132315747 -5.04467477056742 12.0082897667608 -2.41321664849549 -7 2.41321664849549
-10.8177377501709 -6.06991325341469 10.6302024338787 -1.9317388839591 -6 1.9317388839591
-7.31754967588255 -6.66111344826277 -1.63919670531891 -1.30670529926474 -16 1.30670529926474
-1.88500941451445 -6.94703524197787 5.61014344408597 -0.336608824020438 -3 0.336608824020438
8.86498692713163 -6.76085587714962 8.75071621704515 1.58303337984493 11 -1.58303337984493
15.1556925634785 -6.13246964051922 9.65720537908602 2.70637367204973 19 -2.70637367204973
23.3963586384779 -4.86288356992357 -4.44607630390071 4.17792118544249 14 -4.17792118544249
30.8730586372456 -2.85681322691789 -4.83736641089412 5.51304618522243 23 -5.51304618522243
28.0514520934817 -0.808079465290926 -8.29784484241134 5.00918787383602 19 -5.00918787383602
22.2460300135617 0.87013119870044 -5.80370533079044 3.97250535956458 17 -3.97250535956458
17.8249316779775 2.15857063713552 -5.87049781990474 3.18302351392456 14 -3.18302351392456
18.6561219318314 3.41323561066704 4.96296665158039 3.33145034496989 27 -3.33145034496989
14.0020499847045 4.49133359498112 -5.74410330343687 2.50036606869723 13 -2.50036606869723
12.0703560912493 5.33792263120206 4.08226393466373 2.15542073058024 21 -2.15542073058024
10.7463874012726 6.04925940561299 1.17547478084724 1.91899775022724 18 -1.91899775022724
10.5912263619191 6.78444763033594 -5.20924293470705 1.89129042177126 12 -1.89129042177126
7.90715624176666 7.50886329744496 -11.4582586981579 1.41199218602976 4 -1.41199218602976
3.97328155424279 8.07465479593958 3.41133916823549 0.709514563257641 15 -0.709514563257641
-8.8778927445256 8.02550572594902 -24.941519042917 -1.58533799009386 -26 1.58533799009386
-26.6641078545903 7.0573101457238 -36.9604410079923 -4.76144783117684 -57 4.76144783117684
-39.5734476369655 4.8953043477763 -6.16510866995427 -7.06668707802955 -41 7.06668707802955
-37.3494036508188 2.28053842303382 4.76957825601489 -6.66953636621764 -30 6.66953636621764
-29.688163813814 0.130895850100464 -4.54884910782625 -5.30145782389537 -34 5.30145782389537
-24.9489815007306 -1.66284345457135 9.36413077818932 -4.45517526798761 -17 4.45517526798761
-17.5215093366685 -3.20774843112711 19.2049469709411 -3.12884095297651 -2 3.12884095297651
-11.8097167424497 -4.34915353771831 6.67049200339834 -2.10887798972316 -9 2.10887798972316
-4.00518228970845 -4.9565361392865 10.8859582197534 -0.715211123162223 2 0.715211123162223
8.24286468144228 -4.94362272808759 21.0501396629892 1.47194012168612 24 -1.47194012168612
17.342550584448 -4.23741108608773 17.7342338848332 3.09688403293714 31 -3.09688403293714
14.1508207103471 -3.11114748780221 -18.754109299081 2.52693226970484 -8 -2.52693226970484
14.474328536929 -2.04667228335168 0.209804440111915 2.58470152445161 13 -2.58470152445161
27.855323891557 -0.712134698317303 34.7018500512998 4.97416498063518 62 -4.97416498063518
23.3870955794221 1.17997864234487 -14.4954531416486 4.17626706775395 10 -4.17626706775395
17.3355449000672 2.71195869232465 23.1380913795694 3.09563301786914 43 -3.09563301786914
14.4158746109269 3.87118023765329 45.1179393117823 2.57426332337979 63 -2.57426332337979
16.0575480369327 4.5232200382495 81.4105684906392 2.86741929230941 100 -2.86741929230941
10.5850608157293 5.19464366755359 63.472985697283 1.89018943138023 79 -1.89018943138023
-11.180997495972 6.92395236516406 -0.968376447152441 -1.99660669570929 -5 1.99660669570929
-47.7398099108199 6.09186882953537 -52.2463477633596 -8.52496605550356 -94 8.52496605550356
-82.4371674165253 4.15267469579598 -37.1691569817041 -14.7209227529509 -100 14.7209227529509
