-6.69512939453125   210   -2
0.30487060546875   209   8
7.30487060546875   209   0
6.30487060546875   209   -12
-1.69512939453125   210   -18
-8.69512939453125   209   -9
-5.69512939453125   209   6
0.30487060546875   209   1
2.30487060546875   210   -3
4.30487060546875   210   -5
1.30487060546875   210   -11
-3.69512939453125   210   -12
-4.69512939453125   209   -2
-1.69512939453125   210   -2
3.30487060546875   209   -4
4.30487060546875   209   -7
3.30487060546875   210   -9
4.30487060546875   208   -5
5.30487060546875   209   -11
7.30487060546875   209   -8
7.30487060546875   209   -13
8.30487060546875   209   -16
6.30487060546875   209   -22
3.30487060546875   209   -23
1.30487060546875   206   -17
5.30487060546875   209   -16
11.3048706054688   208   -17
11.3048706054688   208   -31
6.30487060546875   208   -26
11.3048706054688   210   -26
13.3048706054688   206   -36
9.30487060546875   205   -29
11.3048706054688   206   -39
12.3048706054688   204   -39
13.3048706054688   203   -41
15.3048706054688   207   -41
17.3048706054688   202   -54
20.3048706054688   199   -55
17.3048706054688   200   -55
21.3048706054688   197   -55
24.3048706054688   193   -70
17.3048706054688   196   -87
8.30487060546875   195   -80
7.30487060546875   193   -66
12.3048706054688   193   -75
15.3048706054688   190   -81
13.3048706054688   189   -88
12.3048706054688   187   -92
12.3048706054688   187   -88
16.3048706054688   187   -95
16.3048706054688   182   -91
21.3048706054688   180   -99
22.3048706054688   177   -106
18.3048706054688   175   -115
13.3048706054688   175   -120
10.3048706054688   172   -117
8.30487060546875   169   -115
12.3048706054688   169   -116
11.3048706054688   166   -123
10.3048706054688   164   -126
6.30487060546875   162   -131
4.30487060546875   161   -130
0.30487060546875   162   -135
-4.69512939453125   161   -129
-7.69512939453125   163   -129
-8.69512939453125   162   -128
-13.6951293945313   167   -124
-15.6951293945313   166   -121
-17.6951293945313   169   -120
-18.6951293945313   170   -115
-17.6951293945313   173   -111
-16.6951293945313   175   -112
-18.6951293945313   177   -103
-15.6951293945313   180   -104
-18.6951293945313   180   -100
-18.6951293945313   181   -93
-20.6951293945313   184   -96
-20.6951293945313   187   -87
-20.6951293945313   189   -82
-15.6951293945313   191   -78
-11.6951293945313   192   -77
-11.6951293945313   195   -72
-13.6951293945313   197   -71
-9.69512939453125   195   -72
-13.6951293945313   195   -78
-18.6951293945313   198   -66
-19.6951293945313   197   -65
-21.6951293945313   200   -62
-24.6951293945313   200   -54
-24.6951293945313   202   -49
-22.6951293945313   204   -43
-15.6951293945313   200   -36
-11.6951293945313   206   -37
-13.6951293945313   206   -35
-14.6951293945313   206   -31
-14.6951293945313   207   -28
-14.6951293945313   207   -26
-10.6951293945313   208   -17
-4.69512939453125   208   -18
-0.69512939453125   208   -21
-3.69512939453125   208   -26
-5.69512939453125   209   -24
-6.69512939453125   208   -22
-8.69512939453125   209   -19
-8.69512939453125   209   -18
-7.69512939453125   209   -16
-8.69512939453125   209   -18
-13.6951293945313   209   -18
-16.6951293945313   210   -12
-12.6951293945313   209   0
-8.69512939453125   209   4
-4.69512939453125   210   -3
-6.69512939453125   210   -5
-10.6951293945313   210   -3
-11.6951293945313   210   3
-10.6951293945313   209   4
-11.6951293945313   217   5
-15.6951293945313   210   5
-17.6951293945313   207   14
-12.6951293945313   209   20
-17.6951293945313   206   14
-22.6951293945313   209   21
-22.6951293945313   208   30
-21.6951293945313   207   35
-16.6951293945313   205   41
-11.6951293945313   205   42
-11.6951293945313   205   41
-13.6951293945313   205   39
-17.6951293945313   204   48
-14.6951293945313   202   56
-13.6951293945313   203   52
-13.6951293945313   201   56
-15.6951293945313   203   54
-17.6951293945313   199   61
-17.6951293945313   199   71
-17.6951293945313   197   70
-16.6951293945313   196   72
-11.6951293945313   194   80
-10.6951293945313   193   79
-9.69512939453125   194   76
-13.6951293945313   192   72
-17.6951293945313   191   82
-18.6951293945313   189   86
-18.6951293945313   187   85
-20.6951293945313   186   93
-22.6951293945313   183   94
-24.6951293945313   176   103
-21.6951293945313   177   110
-14.6951293945313   174   119
-6.69512939453125   174   113
-3.69512939453125   173   118
5.30487060546875   171   123
14.3048706054688   175   116
17.3048706054688   177   109
18.3048706054688   180   102
15.3048706054688   182   101
13.3048706054688   183   95
18.3048706054688   186   102
14.3048706054688   189   86
10.3048706054688   189   80
6.30487060546875   190   86
9.30487060546875   189   87
11.3048706054688   192   84
12.3048706054688   192   80
13.3048706054688   193   78
14.3048706054688   196   76
13.3048706054688   197   64
15.3048706054688   197   67
16.3048706054688   199   64
16.3048706054688   200   62
21.3048706054688   201   52
16.3048706054688   201   57
24.3048706054688   203   51
28.3048706054688   205   35
19.3048706054688   207   24
10.3048706054688   208   21
6.30487060546875   207   32
10.3048706054688   208   29
13.3048706054688   208   31
18.3048706054688   208   19
17.3048706054688   208   15
15.3048706054688   209   7
9.30487060546875   209   4
7.30487060546875   209   4
4.30487060546875   210   2
1.30487060546875   210   1
-0.69512939453125   209   8
4.30487060546875   209   8
3.30487060546875   209   1
1.30487060546875   210   -1
-0.69512939453125   209   3
0.30487060546875   210   1
2.30487060546875   209   3
3.30487060546875   209   2
3.30487060546875   210   -6
1.30487060546875   210   -3
2.30487060546875   210   -1
3.30487060546875   210   -5
-0.69512939453125   210   -11
-3.69512939453125   210   -4
