0.0159745385150636 -0.191694462180763 -3.8978271484375 0.7795654296875 0.587870967506737
-0.509607324538997 6.11528789446796 -23.8978271484375 4.7795654296875 10.8948533241555
-1.30662177260569 15.6794612712683 -80.8978271484375 16.1795654296875 31.8590267009558
0.737944629997621 -8.85533555997145 -105.897827148438 21.1795654296875 12.3242298697161
7.05252295752535 -84.6302754903042 26.1021728515625 -5.2204345703125 -89.8507100606167
-6.07809322408583 72.9371186890299 69.1021728515625 -13.8204345703125 59.1166841187175
-7.08106648227719 84.9727977873262 -108.897827148438 21.7795654296875 100.0
3.38711617721835 -40.6453941266202 -51.8978271484375 10.3795654296875 -30.2658286969327
-0.052199911273215 0.62639893527858 92.1021728515625 -18.4204345703125 -17.7940356350339
-0.448103931920006 5.37724718304008 182.102172851563 -36.4204345703125 -31.0431873872724
4.29702284722775 -51.564274166733 -53.8978271484375 10.7795654296875 -40.7847087370455
6.52537042601186 -78.3044451121424 -45.8978271484375 9.1795654296875 -69.1248796824549
1.73913968046298 -20.8696761655558 103.102172851563 -20.6204345703125 -41.4901107358683
-6.04715045194825 72.565805423379 -41.8978271484375 8.3795654296875 80.9453708530665
3.01175442106447 -36.1410530527736 -89.8978271484375 17.9795654296875 -18.1614876230861
4.41276845139958 -52.953221416795 40.1021728515625 -8.0204345703125 -60.9736559871075
-3.51319445474121 42.1583334568945 112.102172851563 -22.4204345703125 19.737898886582
-3.40059643967061 40.8071572760473 -93.8978271484375 18.7795654296875 59.5867227057348
5.15497251357978 -61.8596701629574 -64.8978271484375 12.9795654296875 -48.8801047332699
-1.2670406118055 15.204487341666 114.102172851563 -22.8204345703125 -7.61594722864651
-5.88641016200807 70.6369219440969 -53.8978271484375 10.7795654296875 81.4164873737844
9.16922673053269 -110.030720766392 -28.8978271484375 5.7795654296875 -100.0
-8.29041456222953 99.4849747467543 -13.8978271484375 2.7795654296875 100.0
6.45306720131658 -77.4368064157989 86.1021728515625 -17.2204345703125 -94.6572409861114
-3.30364720550499 39.6437664660598 79.1021728515625 -15.8204345703125 23.8233318957473
-1.2334968241761 14.8019618901132 47.1021728515625 -9.4204345703125 5.38152731980072
-0.628048008766815 7.53657610520178 -2.8978271484375 0.5795654296875 8.11614153488928
-0.516620504277468 6.19944605132962 7.1021728515625 -1.4204345703125 4.77901148101712
0.116605151096937 -1.39926181316324 15.1021728515625 -3.0204345703125 -4.41969638347574
0.714609646619843 -8.57531575943812 8.1021728515625 -1.6204345703125 -10.1957503297506
0.705055112590301 -8.46066135108361 10.1021728515625 -2.0204345703125 -10.4810959213961
0.626477660579201 -7.51773192695041 3.1021728515625 -0.6204345703125 -8.13816649726291
0.0132483597847272 -0.158980317416726 -17.8978271484375 3.5795654296875 3.42058511227078
-0.750968633596558 9.0116236031587 21.1021728515625 -4.2204345703125 4.7911890328462
0.402526527848977 -4.83031833418772 32.1021728515625 -6.4204345703125 -11.2507529045002
-0.692069480084141 8.30483376100969 9.1021728515625 -1.8204345703125 6.48439919069719
-0.146011271141671 1.75213525370005 24.1021728515625 -4.8204345703125 -3.06829931661245
-0.0862388964328499 1.0348667571942 0.0 -0.0 1.0348667571942
-0.0864971721534297 1.03796606584116 0.0 -0.0 1.03796606584116
0.210495610059625 -2.5259473207155 -6.8978271484375 1.3795654296875 -1.146381891028
0.00295270781088699 -0.0354324937306438 23.1021728515625 -4.6204345703125 -4.65586706404314
1.43448699385291 -17.2138439262349 54.1021728515625 -10.8204345703125 -28.0342784965474
-2.53719333288282 30.4463199945938 107.102172851563 -21.4204345703125 9.02588542428131
-3.79069512444845 45.4883414933814 105.102172851563 -21.0204345703125 24.4679069230689
4.8669038049268 -58.4028456591216 -88.8978271484375 17.7795654296875 -40.6232802294341
7.19360827245736 -86.3232992694883 60.1021728515625 -12.0204345703125 -98.3437338398008
-1.45777731088443 17.4933277306132 88.1021728515625 -17.6204345703125 -0.127106839699284
-4.11747166969964 49.4096600363956 -87.8978271484375 17.5795654296875 66.9892254660831
4.11829480750551 -49.4195376900661 -89.8978271484375 17.9795654296875 -31.4399722603786
4.02021231230719 -48.2425477476863 97.1021728515625 -19.4204345703125 -67.6629823179988
-9.26446242377006 111.173549085241 -57.8978271484375 11.5795654296875 100.0
11.2981932810105 -135.578319372126 18.1021728515625 -3.6204345703125 -100.0
-0.618146716485836 7.41776059783003 -94.8978271484375 18.9795654296875 26.3973260275175
8.19589156636307 -98.3506987963569 -52.8978271484375 10.5795654296875 -87.7711333666694
-7.88121731976357 94.5746078371628 47.1021728515625 -9.4204345703125 85.1541732668503
10.884387047521 -130.612644570252 -32.8978271484375 6.5795654296875 -100.0
