3 0.0
7 0.0
11 0.0
14 0.0
16 0.0
17 0.0174532925199433
15 0.0523598775598299
11 0.0698131700797732
7 0.0872664625997165
1 0.122173047639603
-4 0.122173047639603
-7 0.139626340159546
-7 0.139626340159546
-6 0.122173047639603
-6 0.122173047639603
-4 0.10471975511966
-2 0.0872664625997165
-1 0.0872664625997165
-1 0.0698131700797732
2 0.0698131700797732
7 0.0698131700797732
12 0.0523598775598299
15 0.0523598775598299
18 0.0698131700797732
21 0.0872664625997165
26 0.122173047639603
31 0.15707963267949
26 0.20943951023932
14 0.261799387799149
3 0.296705972839036
-3 0.349065850398866
-5 0.401425727958696
-7 0.418879020478639
-10 0.436332312998582
-9 0.436332312998582
-4 0.418879020478639
-3 0.401425727958696
-3 0.401425727958696
0 0.383972435438753
1 0.366519142918809
-1 0.366519142918809
0 0.366519142918809
1 0.349065850398866
1 0.349065850398866
2 0.349065850398866
1 0.349065850398866
2 0.349065850398866
4 0.349065850398866
5 0.349065850398866
6 0.349065850398866
7 0.366519142918809
7 0.366519142918809
8 0.383972435438753
9 0.401425727958696
11 0.418879020478639
12 0.418879020478639
13 0.436332312998582
12 0.453785605518526
9 0.471238898038469
7 0.488692190558412
9 0.506145483078356
12 0.523598775598299
12 0.523598775598299
11 0.541052068118242
11 0.541052068118242
13 0.558505360638185
14 0.575958653158129
13 0.593411945678072
9 0.593411945678072
7 0.610865238198015
5 0.628318530717959
6 0.628318530717959
7 0.645771823237902
6 0.645771823237902
6 0.645771823237902
6 0.645771823237902
6 0.645771823237902
6 0.645771823237902
5 0.645771823237902
4 0.645771823237902
3 0.645771823237902
2 0.645771823237902
0 0.645771823237902
-1 0.645771823237902
-1 0.645771823237902
-1 0.645771823237902
-3 0.645771823237902
-3 0.645771823237902
-3 0.645771823237902
-3 0.645771823237902
-2 0.645771823237902
-1 0.645771823237902
0 0.645771823237902
2 0.645771823237902
5 0.645771823237902
8 0.645771823237902
12 0.645771823237902
15 0.645771823237902
19 0.663225115757845
22 0.663225115757845
25 0.680678408277789
26 0.698131700797732
25 0.733038285837619
24 0.767944870877505
23 0.802851455917392
21 0.837758040957278
21 0.890117918517108
19 0.925024503556995
17 0.959931088596881
17 1.01229096615671
19 1.0471975511966
20 1.08210413623648
21 1.09955742875643
19 1.15191730631626
16 1.18682389135614
13 1.22173047639603
12 1.25663706143592
12 1.2915436464758
10 1.30899693899575
7 1.34390352403563
6 1.36135681655558
4 1.37881010907552
4 1.37881010907552
4 1.37881010907552
3 1.39626340159546
1 1.39626340159546
0 1.39626340159546
0 1.39626340159546
-1 1.39626340159546
-4 1.39626340159546
-5 1.39626340159546
-9 1.39626340159546
-12 1.37881010907552
-15 1.37881010907552
-18 1.36135681655558
-22 1.34390352403563
-26 1.30899693899575
-31 1.27409035395586
-33 1.22173047639603
-21 1.1693705988362
-7 1.11701072127637
2 1.06465084371654
9 1.01229096615671
15 0.994837673636768
17 0.977384381116825
16 0.994837673636768
14 1.01229096615671
11 1.02974425867665
4 1.06465084371654
-8 1.09955742875643
-20 1.09955742875643
-25 1.09955742875643
-22 1.09955742875643
-20 1.06465084371654
-17 1.01229096615671
-11 0.959931088596881
0 0.925024503556995
11 0.890117918517108
21 0.872664625997165
29 0.872664625997165
39 0.872664625997165
46 0.907571211037051
56 0.977384381116825
49 1.0471975511966
20 1.11701072127637
3 1.22173047639603
-8 1.2915436464758
-14 1.37881010907552
-17 1.43116998663535
-18 1.44862327915529
-9 1.43116998663535
27 1.41371669411541
33 1.37881010907552
35 1.39626340159546
37 1.43116998663535
31 1.48352986419518
9 1.55334303427495
-13 1.62315620435473
-27 1.67551608191456
-36 1.71042266695444
-58 1.71042266695444
-52 1.67551608191456
-53 1.60570291183478
-48 1.50098315671512
-16 1.41371669411541
18 1.2915436464758
34 1.20427718387609
43 1.13446401379631
47 1.13446401379631
33 1.1693705988362
8 1.22173047639603
-17 1.2915436464758
-40 1.34390352403563
-61 1.36135681655558
-75 1.32645023151569
-72 1.27409035395586
-60 1.1693705988362
-36 1.0471975511966
-3 0.925024503556995
31 0.785398163397448
55 0.663225115757845
67 0.593411945678072
73 0.610865238198015
52 0.645771823237902
4 0.733038285837619
-37 0.837758040957278
-80 0.925024503556995
-100 0.942477796076938
-97 0.890117918517108
-66 0.802851455917392
-32 0.645771823237902
10 0.488692190558412
56 0.349065850398866
100 0.244346095279206
100 0.20943951023932
100 0.261799387799149
73 0.366519142918809
39 0.523598775598299
-6 0.680678408277789
-37 0.837758040957278
-49 0.959931088596881
-43 1.01229096615671
-30 0.994837673636768
-11 0.959931088596881
11 0.890117918517108
35 0.837758040957278
55 0.820304748437335
73 0.837758040957278
91 0.890117918517108
94 0.994837673636768
72 1.09955742875643
41 1.25663706143592
17 1.43116998663535
2 1.58824961931484
-6 1.72787595947439
-6 1.83259571459405
-10 1.91986217719376
-18 1.97222205475359
-18 1.98967534727354
-13 1.98967534727354
-8 1.97222205475359
-2 1.95476876223365
6 1.93731546971371
12 1.91986217719376
18 1.90240888467382
16 1.91986217719376
10 1.93731546971371
5 1.97222205475359
0 1.98967534727354
-7 2.02458193231342
-18 2.04203522483337
-33 2.05948851735331
-46 2.04203522483337
-57 2.00712863979348
-68 1.93731546971371
-72 1.8151424220741
-49 1.71042266695444
-28 1.58824961931484
-12 1.44862327915529
-3 1.32645023151569
5 1.22173047639603
2 1.15191730631626
-5 1.09955742875643
-12 1.06465084371654
-26 1.0471975511966
-39 1.01229096615671
-49 0.994837673636768
-58 0.959931088596881
-61 0.890117918517108
-62 0.802851455917392
-56 0.698131700797732
-44 0.593411945678072
-31 0.453785605518526
-22 0.331612557878923
-19 0.20943951023932
-19 0.122173047639603
-24 0.0349065850398866
-28 -0.0174532925199433
-31 -0.0698131700797732
-35 -0.139626340159546
-33 -0.20943951023932
-27 -0.261799387799149
-18 -0.349065850398866
-10 -0.401425727958696
-3 -0.471238898038469
2 -0.506145483078356
3 -0.541052068118242
2 -0.575958653158129
8 -0.610865238198015
15 -0.610865238198015
19 -0.628318530717959
19 -0.610865238198015
17 -0.593411945678072
16 -0.558505360638185
16 -0.523598775598299
15 -0.488692190558412
12 -0.453785605518526
4 -0.436332312998582
-3 -0.401425727958696
-4 -0.383972435438753
