-1.570443 37.37654 -3.909546 0.6059796 37.98251
1.374956 -32.72395 41.09045 -6.369021 -39.09297
-2.034137 48.41246 -30.90955 4.79098 53.20343
3.493851 -83.15363 -15.90955 2.46598 -80.68765
0.6232153 -14.83253 13.09045 -2.02902 -16.86155
-0.1012451 2.409632 -143.9096 22.30598 24.71561
2.541237 -60.48145 26.09046 -4.044021 -64.52547
-3.707563 88.23998 -72.90955 11.30098 99.54096
-3.0465 72.50671 50.09046 -7.764021 64.74268
-0.06837929 1.627427 75.09046 -11.63902 -10.01159
-1.128985 26.86985 94.09046 -14.58402 12.28583
0.8208073 -19.53521 -111.9096 17.34598 -2.189234
3.400945 -80.94247 -24.90955 3.86098 -77.08149
2.346206 -55.8397 -48.90955 7.58098 -48.25872
1.095905 -26.08254 -48.90955 7.58098 -18.50156
0.3382489 -8.050323 -51.90955 8.04598 -0.004343033
-0.821937 19.5621 0.0904541 -0.01402039 19.54808
-2.575183 61.28935 12.09045 -1.87402 59.41533
-2.729073 64.95194 32.09045 -4.974021 59.97791
-2.219116 52.81496 50.09046 -7.764021 45.05095
-1.085973 25.84615 29.09046 -4.509021 21.33713
-1.374864 32.72177 16.09046 -2.494021 30.22775
-1.272566 30.28707 -9.909546 1.53598 31.82305
-0.1263107 3.006195 -0.909546 0.1409796 3.147174
-0.3093535 7.362613 30.09046 -4.664021 2.698592
1.020841 -24.29601 41.09045 -6.369021 -30.66503
2.748985 -65.42585 99.09046 -15.35902 -80.78487
3.624313 -86.25866 -16.90955 2.62098 -83.63768
3.18431 -75.78658 -54.90955 8.51098 -67.27561
1.90806 -45.41183 -39.90955 6.18598 -39.22585
1.348604 -32.09676 -50.90955 7.89098 -24.20579
1.90004 -45.22095 -19.90955 3.08598 -42.13497
-1.152612 27.43217 -13.90955 2.15598 29.58816
-0.131744 3.135508 -45.90955 7.11598 10.25149
-2.171371 51.67862 60.09046 -9.31402 42.3646
-3.541327 84.28358 61.09046 -9.469022 74.81456
-3.556133 84.63598 55.09046 -8.53902 76.09696
-2.28039 54.27328 53.09046 -8.229021 46.04426
-0.8588332 20.44022 16.09046 -2.494021 17.9462
-1.315145 31.30044 11.09045 -1.71902 29.58142
0.2928852 -6.970667 5.090454 -0.7890205 -7.759689
0.09602774 -2.28546 -5.909546 0.9159796 -1.36948
1.510093 -35.94021 -15.90955 2.46598 -33.47423
1.426404 -33.94842 20.09045 -3.11402 -37.06245
0.6474806 -15.41004 -4.909546 0.7609796 -14.64906
1.376203 -32.75363 -26.90955 4.17098 -28.58265
1.439087 -34.25027 -5.909546 0.9159796 -33.33429
0.8159076 -19.4186 4.090454 -0.6340205 -20.05262
0.6491183 -15.44902 -24.90955 3.86098 -11.58804
0.6239835 -14.85081 -6.909546 1.07098 -13.77983
0.1019769 -2.42705 14.09046 -2.184021 -4.61107
-0.2558906 6.090196 3.090454 -0.4790204 5.611176
-0.4792023 11.40501 0.0904541 -0.01402039 11.39099
0.09234084 -2.197712 11.09045 -1.71902 -3.916732
-0.4006345 9.535102 35.09045 -5.439021 4.096081
-0.94317 22.44745 3.090454 -0.4790204 21.96843
0.7186681 -17.1043 6.090454 -0.9440204 -18.04832
-0.4133491 9.837706 -11.90955 1.84598 11.68369
0.7331993 -17.45014 2.090454 -0.3240204 -17.77416
0.3327184 -7.918697 21.09046 -3.26902 -11.18772
0.5297228 -12.6074 -19.90955 3.08598 -9.521424
0.7221829 -17.18795 23.09046 -3.579021 -20.76697
-0.3407615 8.110122 -4.909546 0.7609796 8.871102
0.2650582 -6.308384 -37.90955 5.87598 -0.4324046
1.155953 -27.51168 6.090454 -0.9440204 -28.45571
-0.7064588 16.81372 11.09045 -1.71902 15.0947
1.110739 -26.43559 13.09045 -2.02902 -28.46461
-0.8808468 20.96415 25.09046 -3.889021 17.07513
-1.211751 28.83968 -67.90955 10.52598 39.36565
2.868666 -68.27424 79.09046 -12.25902 -80.53326
-1.415906 33.69856 71.09046 -11.01902 22.67954
-3.086282 73.45351 -63.90955 9.90598 83.35949
3.164457 -75.31407 38.09045 -5.904021 -81.2181
3.259901 -77.58564 51.09046 -7.919021 -85.50466
1.332918 -31.72346 -10.90955 1.69098 -30.03248
-0.1019238 2.425787 -72.90955 11.30098 13.72677
2.029502 -48.30215 -35.90955 5.56598 -42.73617
-2.128051 50.64762 -29.90955 4.63598 55.2836
-0.5471777 13.02283 11.09045 -1.71902 11.30381
-0.981931 23.36996 131.0905 -20.31902 3.050932
-2.260745 53.80573 31.09046 -4.819021 48.98671
0.2522851 -6.004386 -10.90955 1.69098 -4.313407
-0.4684589 11.14932 57.09046 -8.84902 2.300302
0.03044093 -0.7244941 -96.90954 15.02098 14.29649
2.64528 -62.95765 11.09045 -1.71902 -64.67667
1.384774 -32.95762 41.09045 -6.369021 -39.32664
0.6906222 -16.43681 -12.90955 2.00098 -14.43583
0.9610822 -22.87376 -23.90955 3.70598 -19.16777
0.9577572 -22.79462 -11.90955 1.84598 -20.94864
1.086974 -25.86999 -5.909546 0.9159796 -24.95401
0.5390293 -12.8289 -8.909546 1.38098 -11.44792
0.3428405 -8.159603 -5.909546 0.9159796 -7.243623
-0.08999944 2.141987 -2.909546 0.4509797 2.592967
-1.170253 27.85203 4.090454 -0.6340205 27.21801
-0.8616512 20.5073 -15.90955 2.46598 22.97328
0.09614718 -2.288303 14.09046 -2.184021 -4.472324
-0.9828884 23.39274 28.09046 -4.354021 19.03872
-1.209329 28.78204 17.09045 -2.649021 26.13302
-0.8583684 20.42917 2.090454 -0.3240204 20.10514
-0.2787419 6.634056 0.0904541 -0.01402039 6.620035
-0.276122 6.571703 16.09046 -2.494021 4.077683
0.1935701 -4.606969 12.09045 -1.87402 -6.48099
0.4173584 -9.93313 7.090454 -1.09902 -11.03215
1.005848 -23.93918 -13.90955 2.15598 -21.7832
1.205141 -28.68236 -3.909546 0.6059796 -28.07638
0.6574706 -15.6478 -11.90955 1.84598 -13.80182
0.9419266 -22.41786 -22.90955 3.55098 -18.86687
1.020471 -24.28721 -1.909546 0.2959796 -23.99123
0.4516663 -10.74966 -5.909546 0.9159796 -9.833678
0.2896657 -6.894044 -5.909546 0.9159796 -5.978064
0.02311969 -0.5502486 5.090454 -0.7890205 -1.339269
-0.49686 11.82527 0.0904541 -0.01402039 11.81125
0.06194413 -1.47427 23.09046 -3.579021 -5.053291
-1.197784 28.50727 13.09045 -2.02902 26.47825
-1.288562 30.66778 -0.909546 0.1409796 30.80876
-0.4757524 11.32291 -9.909546 1.53598 12.85889
0.5342609 -12.71541 12.09045 -1.87402 -14.58943
-1.22577 29.17332 -8.909546 1.38098 30.5543
1.500738 -35.71756 -0.909546 0.1409796 -35.57658
1.026226 -24.42418 24.09046 -3.734021 -28.1582
-1.708557 40.66367 -108.9096 16.88098 57.54465
2.408557 -57.32365 -16.90955 2.62098 -54.70266
-3.173605 75.53178 91.09046 -14.11902 61.41276
-1.359657 32.35982 30.09046 -4.664021 27.6958
0.1417328 -3.373241 -2.909546 0.4509797 -2.922261
0.3130266 -7.450032 37.09045 -5.749021 -13.19905
1.583576 -37.68911 -81.90955 12.69598 -24.99313
2.136646 -50.85217 -22.90955 3.55098 -47.30119
1.075033 -25.58579 -20.90955 3.24098 -22.34481
0.9744506 -23.19192 -21.90955 3.39598 -19.79594
0.1406479 -3.34742 -10.90955 1.69098 -1.65644
-0.02126467 0.5060992 -4.909546 0.7609796 1.267079
-1.446635 34.42992 -0.909546 0.1409796 34.5709
0.06935048 -1.650541 9.090454 -1.40902 -3.059562
-0.3382103 8.049403 69.09046 -10.70902 -2.659618
-2.581638 61.44298 -16.90955 2.62098 64.06396
0.2565531 -6.105962 -11.90955 1.84598 -4.259983
-1.98585 47.26322 31.09046 -4.819021 42.4442
0.1749693 -4.16427 -49.90955 7.73598 3.571711
2.454393 -58.41454 76.09046 -11.79402 -70.20856
-1.889998 44.98194 20.09045 -3.11402 41.86792
-1.49192 35.50768 -51.90955 8.04598 43.55366
1.747607 -41.59304 83.09046 -12.87902 -54.47206
0.9702858 -23.0928 60.09046 -9.31402 -32.40682
2.261778 -53.83031 -86.90954 13.47098 -40.35933
1.722935 -41.00586 -36.90955 5.72098 -35.28488
1.436511 -34.18895 -36.90955 5.72098 -28.46797
1.052253 -25.04361 -28.90955 4.48098 -20.56263
-0.3734879 8.88901 -26.90955 4.17098 13.05999
0.319771 -7.610548 -3.909546 0.6059796 -7.004569
-2.37892 56.6183 46.09046 -7.144021 49.47428
-2.511118 59.7646 -1.909546 0.2959796 60.06058
-2.455648 58.44442 40.09045 -6.214021 52.2304
-2.276506 54.18084 28.09046 -4.354021 49.82682
-1.669888 39.74333 27.09046 -4.199021 35.5443
-1.154065 27.46674 5.090454 -0.7890205 26.67772
-0.6906646 16.43781 -6.909546 1.07098 17.5088
-0.7794678 18.55133 -0.909546 0.1409796 18.69231
0.1900274 -4.522651 -7.909546 1.22598 -3.296671
-0.05497349 1.308369 11.09045 -1.71902 -0.4106516
1.30699 -31.10636 41.09045 -6.369021 -37.47538
0.8711564 -20.73352 -11.90955 1.84598 -18.88754
-6.226301E-4 0.0148186 -79.90955 12.38598 12.4008
1.707507 -40.63866 4.090454 -0.6340205 -41.27268
-1.587154 37.77425 -34.90955 5.41098 43.18524
1.661055 -39.5331 37.09045 -5.749021 -45.28212
-3.783353 90.0438 18.09045 -2.80402 87.23976
-0.0433811 1.03247 57.09046 -8.84902 -7.81655
0.578911 -13.77808 90.09046 -13.96402 -27.7421
1.572701 -37.43029 -85.90954 13.31598 -24.11431
2.763806 -65.77856 -37.90955 5.87598 -59.90258
2.081551 -49.5409 -27.90955 4.32598 -45.21492
1.626202 -38.70361 -27.90955 4.32598 -34.37763
1.338002 -31.84445 -21.90955 3.39598 -28.44847
0.2527131 -6.014571 -17.90955 2.77598 -3.238592
-0.3333774 7.934381 -21.90955 3.39598 11.33036
-2.090315 49.7495 -3.909546 0.6059796 50.35548
-0.7470911 17.78077 33.09045 -5.129021 12.65175
-1.34304 31.96436 53.09046 -8.229021 23.73533
-1.31101 31.20204 37.09045 -5.749021 25.45302
-1.459246 34.73004 45.09046 -6.989021 27.74102
-0.9411196 22.39865 0.0904541 -0.01402039 22.38463
0.6485278 -15.43496 15.09046 -2.339021 -17.77398
1.314449 -31.28387 -25.90955 4.01598 -27.2679
0.8589522 -20.44306 -40.90955 6.34098 -14.10208
0.5894901 -14.02986 -13.90955 2.15598 -11.87388
0.6927699 -16.48792 5.090454 -0.7890205 -17.27694
