56.5483 0.0 0.0 1.256629 57 -1.256629
-15.42426 0.0 0.0 -0.3427613 -15 0.3427613
-20.12963 0.0 0.0 -0.4473253 -20 0.4473253
-26.86009 0.0 0.0 -0.5968908 -27 0.5968908
25.31421 0.0 0.0 0.5625379 25 -0.5625379
-106.2812 0.0 0.0 -2.361805 -100 2.361805
44.27762 0.0 0.0 0.9839472 44 -0.9839472
47.87854 0.0 0.0 1.063968 48 -1.063968
42.61133 0.0 0.0 0.9469182 43 -0.9469182
114.4696 0.0 0.0 2.543769 100 -2.543769
67.62248 0.0 0.0 1.502722 68 -1.502722
128.1361 0.0 0.0 2.847469 100 -2.847469
161.28 0.0 0.0 3.583999 100 -3.583999
245.2492 0.0 0.0 5.449983 100 -5.449983
375.4541 0.0 0.0 8.343424 100 -8.343424
576.1402 0.0 0.0 12.80312 100 -12.80312
962.5292 0.0 0.0 21.38954 100 -21.38954
1092.078 0.0 0.0 24.2684 100 -24.2684
464.813 0.0 0.0 10.32918 100 -10.32918
270.6045 0.0 0.0 6.013434 100 -6.013434
267.2706 0.0 0.0 5.939347 100 -5.939347
206.2692 0.0 0.0 4.58376 100 -4.58376
260.0849 0.0 0.0 5.779664 100 -5.779664
125.5718 0.0 0.0 2.790484 100 -2.790484
671.3338 0.0 0.0 14.91853 100 -14.91853
858.8304 0.0 0.0 19.08512 100 -19.08512
1170.072 0.0 0.0 26.0016 100 -26.0016
764.5991 0.0 0.0 16.99109 100 -16.99109
375.6444 0.0 0.0 8.347653 100 -8.347653
254.575 0.0 0.0 5.657222 100 -5.657222
283.7427 0.0 0.0 6.305394 100 -6.305394
648.1948 0.0 0.0 14.40433 100 -14.40433
670.2372 0.0 0.0 14.89416 100 -14.89416
543.6558 0.0 0.0 12.08124 100 -12.08124
328.8183 0.0 0.0 7.307074 100 -7.307074
162.1472 0.0 0.0 3.603271 100 -3.603271
-2.183747 0.0 0.0 -0.04852772 -2 0.04852772
-326.2757 0.0 0.0 -7.250571 -100 7.250571
