-0.996664856712962 0.0 -17.5237777004477 -0.153333054878917 0.153333054878917 -19
-7.69184459818499 -0.319006680747834 1.78138324194048 -1.18336070741308 1.18336070741308 -6
-1.76124263891432 -0.558539595866532 5.53566558438802 -0.270960405986818 0.270960405986818 3
8.8931189395661 -0.397724473573503 20.9796377891297 1.36817214454863 -1.36817214454863 29
8.56008695700886 0.135130934228625 -15.5665556475855 1.31693645492444 -1.31693645492444 -7
-0.390945314764438 0.351881118741695 -5.26567165375101 -0.0601454330406827 0.0601454330406827 -5
-1.13066354361324 0.311803743446022 -0.52007146671593 -0.17394823747896 0.17394823747896 -1
-4.46569503619817 0.171013002522064 -6.64115538702877 -0.68703000556895 0.68703000556895 -11
-13.7669765650049 -0.275247732146269 -20.6799524787903 -2.11799639461613 2.11799639461613 -35
-11.0768301950069 -1.02188525210386 21.3619303073681 -1.70412772230875 1.70412772230875 9
-0.606049395800851 -1.28104043161353 7.37203539488378 -0.0932383685847464 0.0932383685847464 5
-6.09850259152661 -1.4318899140613 -14.8118797084574 -0.93823116792717 0.93823116792717 -22
-7.64657331651352 -1.8677781390385 8.13997214073766 -1.17639589484823 1.17639589484823 -1
0.779269472229962 -2.06912738499533 18.133407330863 0.119887611112302 -0.119887611112302 17
10.1793319724829 -1.77023245186956 7.89194404669574 1.56605107268968 -1.56605107268968 16
6.02731952617987 -1.27428924936578 -22.9290439477827 0.927279927104596 -0.927279927104596 -18
-9.48498763639538 -1.28121036135922 -29.735149559252 -1.45922886713775 1.45922886713775 -41
-10.0106055371903 -1.93640129393475 35.8979639007575 -1.54009315956773 1.54009315956773 24
11.7484118195537 -1.92645717490753 37.6113530967024 1.80744797223904 -1.80744797223904 47
4.42687454990874 -1.34138417377153 -51.616933634857 0.681057623062883 -0.681057623062883 -49
-11.7807177366721 -1.46080343128213 -23.7849218402431 -1.81241811333417 1.81241811333417 -37
-6.88560871669117 -2.13523488340629 58.2423924448486 -1.05932441795249 1.05932441795249 49
18.8178137733822 -1.81001887050606 34.5443519717875 2.89504827282804 -2.89504827282804 52
6.29145040111333 -0.967040997916714 -65.3890905299195 0.967915446325127 -0.967915446325127 -60
-24.0198123336381 -1.41664702566434 -32.2727968363351 -3.69535574363663 3.69535574363663 -58
-5.6827167002939 -2.47455852189242 94.1883096563277 -0.874264107737524 0.874264107737524 86
27.8716044223862 -1.88876996734492 32.2520612693583 4.28793914190556 -4.28793914190556 58
10.4041884871521 -0.581715133204768 -96.2254980592159 1.60064438263879 -1.60064438263879 -86
-21.1001034742253 -0.926743295417136 -22.7465958515773 -3.24616976526543 3.24616976526543 -45
-7.28175811080657 -1.85425829548459 68.2208651176671 -1.12027047858563 1.12027047858563 59
6.84984298374957 -1.72518535882091 -13.2624733806701 1.05382199749993 -1.05382199749993 -8
1.3338934932862 -1.51372106379949 1.37224475871645 0.205214383582492 -0.205214383582492 1
-0.202505301563256 -1.4943673482826 -2.95412959978782 -0.0311546617789625 0.0311546617789625 -5
-5.62092640602429 -1.62641176131751 -8.26450702114739 -0.864757908619121 0.864757908619121 -16
-2.18137445596724 -1.90762112727522 13.0041530298215 -0.335596070148806 0.335596070148806 9
3.80836421861958 -1.8519947937822 8.62120923603681 0.585902187479935 -0.585902187479935 11
1.46328329530226 -1.67705693502653 -6.19449144948996 0.225120506969578 -0.225120506969578 -6
1.77970143672468 -1.57853755709644 -3.30321323324721 0.273800221034567 -0.273800221034567 -3
2.82215419984153 -1.45906533624198 2.23443161718785 0.434177569206389 -0.434177569206389 4
3.52292807629285 -1.30709869579927 4.75428495511533 0.541988934814285 -0.541988934814285 7
7.39710001490413 -1.07235687299847 11.3450744359171 1.13801538690833 -1.13801538690833 18
15.1474235546303 -0.481871292964706 11.5496860950421 2.33037285455851 -2.33037285455851 26
15.8743754467999 0.334689044804293 -0.0601745520036106 2.44221160719999 -2.44221160719999 16
24.4455915361584 1.33679438839889 25.1762516437677 3.76086023633206 -3.76086023633206 51
14.306664534317 2.57290287499158 -80.3850590156422 2.20102531297185 -2.20102531297185 -64
-38.4314236585431 5.34634241360145 -106.048947675292 -5.91252671669894 5.91252671669894 -100
-56.3832041930955 5.89039365090861 1.41933435612306 -8.67433910663007 8.67433910663007 -49
-16.595337840501 3.77783166994719 88.7962983735275 -2.55312889853861 2.55312889853861 76
26.256639205265 2.70061814617913 55.5471257492905 4.03948295465616 -4.03948295465616 85
28.3997840808982 4.33042305602997 -37.6948954277248 4.36919755090742 -4.36919755090742 -5
-12.6758697611291 5.03142650304699 -107.038919277277 -1.95013380940447 1.95013380940447 -100
-60.1211378194863 9.08299265974852 -62.7286957255641 -9.2494058183825 9.2494058183825 -100
-49.4786731583586 6.1887785360469 78.1048154473415 -7.6121035628244 7.6121035628244 35
-5.02491088704278 4.66804848434218 98.8652961188494 -0.773063213391196 0.773063213391196 99
21.4284025530885 5.16656233783834 18.5838670243568 3.29667731585977 -3.29667731585977 45
3.96984263124587 6.00238950968369 -60.8635506899159 0.610745020191672 -0.610745020191672 -51
-10.8393089000767 5.76201554974693 -5.79032992359826 -1.66758598462719 1.66758598462719 -11
-15.5969726409806 5.06836038666999 -1.37272782244574 -2.39953425245855 2.39953425245855 -12
-11.981895721478 4.28706226595009 19.074697176512 -1.84336857253507 1.84336857253507 11
14.0461320339 4.19063898516191 67.7027504334335 2.16094338983077 -2.16094338983077 86
37.737422141868 5.63678084496924 10.4615258456479 5.80575725259508 -5.80575725259508 54
8.29896497753045 7.07959692162577 -95.6838699545049 1.27676384269699 -1.27676384269699 -80
-37.0771191891393 7.5478193640181 -91.0724838375971 -5.70417218294451 5.70417218294451 -100
-45.0622088668816 5.59545295351709 44.1650671876557 -6.93264751798178 6.93264751798178 5
-16.8860783594768 3.9898608391304 39.0946883427526 -2.59785820915027 2.59785820915027 26
-6.91473354336678 3.32467491684796 30.6573682256061 -1.06380516051797 1.06380516051797 27
11.3699539969121 3.321092905145 54.419168002109 1.74922369183263 -1.74922369183263 69
32.3134125394147 4.48967858880825 23.4158582176617 4.97129423683304 -4.97129423683304 60
9.7081196319639 5.77549315251688 -86.995553816852 1.49355686645599 -1.49355686645599 -72
-25.3614691542013 5.38141252680041 -60.3864764743741 -3.90176448526173 3.90176448526173 -80
-26.5216634059854 3.81628872979209 52.7129698257723 -4.08025590861314 4.08025590861314 30
20.0577864669446 2.69124137961573 95.6896186585758 3.08581330260687 -3.08581330260687 100
50.2111211754969 2.55633987335269 24.4520487158339 7.72478787315337 -7.72478787315337 77
25.7352128453529 4.80170874163368 -93.4390743506779 3.95926351466968 -3.95926351466968 -63
-35.3648411836328 8.89841218000494 -141.619100175931 -5.44074479748197 5.44074479748197 -100
-105.69382993767 23.5594705006345 -93.7465278211912 -16.26058922118 16.26058922118 -100
-121.764753921023 23.3308266906169 -13.5047994975658 -18.7330390647728 18.7330390647728 -100
-127.560934658508 20.1418244276544 14.0330343797819 -19.6247591782321 19.6247591782321 -93
-46.7663605871364 10.5211242120728 306.494058986534 -7.19482470571329 7.19482470571329 100
85.3243853314532 -22.1605350638052 230.395631399575 13.1268285125313 -13.1268285125313 100
169.758904698655 -46.1242020148287 136.004041105775 26.1167545690239 -26.1167545690239 100
208.343380401032 -58.0852775742081 39.2021179920221 32.0528277540048 -32.0528277540048 100
197.823310657756 -53.5241627659943 -48.2696591959092 30.4343554858085 -30.4343554858085 96
142.620441532687 -44.1844564024927 -193.830594836995 21.9416063896441 -21.9416063896441 -95
16.8128790797877 -20.5297143675172 -220.297319523053 2.5865967815058 -2.5865967815058 -100
-42.5580924869083 -8.57607256671263 -44.1612936828829 -6.54739884413974 6.54739884413974 -95
-23.4065387392493 -10.5568586315329 92.0696140232976 -3.60100595988451 3.60100595988451 58
43.4628840402879 -16.1654904060185 134.565970873284 6.68659754465968 -6.68659754465968 100
70.1433540487388 -17.3021660577528 -5.06140563971722 10.7912852382675 -10.7912852382675 48
35.1874166266724 -14.4073684874073 -78.0901222247466 5.41344871179575 -5.41344871179575 -57
-13.9108429702972 -12.5422533331978 -103.193811022849 -2.14012968773803 2.14012968773803 -100
-31.2948709343874 -12.5392997782765 13.832227651133 -4.8145955283673 4.8145955283673 -30
13.4267806471344 -13.4165115458522 128.512524134373 2.0656585610976 -2.0656585610976 100
52.8712820949944 -14.3921245332809 34.8032911553431 8.13404339922991 -8.13404339922991 73
23.8512254894739 -12.083918563705 -114.92388009312 3.6694193060729 -3.6694193060729 -100
-7.26042297541346 -11.7407243606756 -8.73368602755655 -1.11698815006361 1.11698815006361 -28
19.7605429937386 -11.6839103954672 78.5487679221905 3.04008353749825 -3.04008353749825 87
41.1285985303073 -9.92896380266593 -19.6341076156452 6.32747669697036 -6.32747669697036 12
-3.51688660633045 -7.89691606009541 -94.759958524642 -0.541059477896992 0.541059477896992 -100
-17.8011461248211 -8.52473765755288 9.31923257082101 -2.73863786535709 2.73863786535709 -17
19.1815306042669 -8.6849958690287 90.8771626710271 2.95100470834876 -2.95100470834876 100
41.5505352200242 -7.20172598396781 -6.89239747578283 6.39239003384988 -6.39239003384988 27
-3.32943936146924 -4.57730313954923 -95.0461988555848 -0.512221440226037 0.512221440226037 -100
-32.1380945468145 -4.7100778525529 -10.084863433634 -4.94432223797146 4.94432223797146 -47
-8.52048305211794 -5.99194473013253 86.9362866153411 -1.31084354647968 1.31084354647968 72
31.0064669132447 -5.45231391663871 56.1636364689168 4.77022567896073 -4.77022567896073 82
20.6106695780099 -3.82701911340501 -74.4105846088348 3.17087224277075 -3.17087224277075 -58
-16.3695986568149 -3.7514694977901 -54.9133181170678 -2.51839979335614 2.51839979335614 -75
-21.2427293975162 -4.84563229460406 12.6433075422271 -3.26811221500249 3.26811221500249 -13
1.51077043061937 -5.41129951364318 55.6036493464057 0.232426220095287 -0.232426220095287 52
29.387617513476 -4.65123512313055 56.7489962138542 4.52117192515015 -4.52117192515015 81
18.9462875428307 -3.15426957116525 -63.6352916730856 2.91481346812781 -2.91481346812781 -48
-23.5445167135682 -2.57040247928703 -67.3839549094216 -3.62223334054895 3.62223334054895 -93
-24.6041957079327 -4.0315282404459 46.485602322488 -3.7852608781435 3.7852608781435 18
5.64434074961308 -4.60636837299075 68.2706250545127 0.868360115325089 -0.868360115325089 69
29.5203790775474 -3.68893839533652 26.9917330712082 4.54159678116114 -4.54159678116114 53
27.899998273608 -2.17410603993391 -11.0098847510095 4.29230742670893 -4.29230742670893 15
15.9852197083495 -0.95778004991805 -33.382679226899 2.4592645705153 -2.4592645705153 -18
0.372733342717582 -0.539485936879473 -29.5493726323243 0.0573435911873203 -0.0573435911873203 -30
-8.10017212527783 -0.775790634246622 -11.1885072279114 -1.24618032696582 1.24618032696582 -20
-8.12753885385669 -1.2309015374981 1.98413283289828 -1.25039059290103 1.25039059290103 -7
-13.5745283252334 -1.71997177070923 -17.9341199020874 -2.08838897311284 2.08838897311284 -33
-17.6389182157854 -2.53899947950472 -0.86606193495244 -2.71367972550544 2.71367972550544 -21
-3.66235964614496 -3.20996988635186 42.1410337602579 -0.563439945560763 0.563439945560763 35
2.71846037643843 -3.12889910510586 -5.6837003417638 0.418224673298221 -0.418224673298221 -6
3.27043537862789 -3.00085665754709 6.05851735862539 0.503143904404291 -0.503143904404291 6
5.01645626597255 -2.79147562855239 3.55064793788983 0.771762502457315 -0.771762502457315 6
8.09400734155457 -2.46219577455625 8.77554124726396 1.2452318987007 -1.2452318987007 14
15.145845491669 -1.90681734677917 18.0449742609557 2.33013007564139 -2.33013007564139 31
20.6751484080499 -0.95105032837227 0.019920546334001 3.18079206277691 -3.18079206277691 20
9.06352727761997 -0.0952104657448729 -30.250524390984 1.39438881194153 -1.39438881194153 -21
-8.22725129633999 -0.055223579843855 -33.5593023593199 -1.26573096866769 1.26573096866769 -42
-13.2752837547154 -0.677344383178225 14.4212797989542 -2.04235134687929 2.04235134687929 0
9.29604794346799 -0.949614583367629 61.3371314148095 1.430161222072 -1.430161222072 70
33.6689163839678 0.236860190858062 20.9918211551231 5.1798332898412 -5.1798332898412 55
-3.25158203259615 2.36271595591915 -128.480542317406 -0.500243389630177 0.500243389630177 -100
-44.3658563186183 4.39728757832491 -40.8620647463374 -6.82551635671051 6.82551635671051 -81
-42.2513936530852 2.02474540172212 23.8737956174077 -6.50021440816696 6.50021440816696 -16
-31.8303348281139 0.0492950374439269 25.895840269855 -4.8969745889406 4.8969745889406 -6
-7.06596772778463 -1.08031155864069 72.5779479313115 -1.08707195812071 1.08707195812071 64
24.0499964755979 -0.659310136892471 48.9877163618691 3.69999945778429 -3.69999945778429 72
27.088673514032 0.797895589549039 -30.9149162995197 4.167488232928 -4.167488232928 -3
2.17446015861711 1.63579431442535 -57.4265845989487 0.33453233209494 -0.33453233209494 -54
-20.8656185476526 1.19647728639588 -39.5391502888633 -3.21009516117733 3.21009516117733 -59
-21.160168899009 -0.0359248451643201 34.6801218433279 -3.25541059984753 3.25541059984753 13
8.49056096622039 -0.491550493549231 71.271354413427 1.30624014864929 -1.30624014864929 79
31.8482347301774 0.531254091187292 41.3345741724549 4.89972842002729 -4.89972842002729 74
22.9834434992758 2.12871336871787 -57.5555511213148 3.53591438450398 -3.53591438450398 -32
-11.5320228164461 2.53488015082831 -79.9004755656251 -1.77415735637632 1.77415735637632 -89
-40.1059035745935 1.19015808621022 -34.735269835734 -6.17013901147592 6.17013901147592 -74
-18.0533873321412 -0.590530794743963 96.5247263481836 -2.7774442049448 2.7774442049448 78
36.2524617309031 -3.93287922631871 109.612780378794 5.57730180475433 -5.57730180475433 100
66.6027765118959 -5.48248116064197 10.0659629024079 10.2465810018301 -10.2465810018301 71
38.151600952896 -2.47131367614152 -104.753351495313 5.86947706967631 -5.86947706967631 -69
-40.4926293077718 7.96653995304228 -143.233741161086 -6.22963527811874 6.22963527811874 -100
-91.0220393066984 16.4587707467075 -59.1895623707678 -14.003390662569 14.003390662569 -100
-93.5327097048702 12.8615618065382 30.0784883113859 -14.3896476469031 14.3896476469031 -51
-53.7046821116935 8.78872270451394 107.057204952584 -8.26225878641439 8.26225878641439 62
21.8737221087201 0.0210909808258015 143.553891437963 3.36518801672617 -3.36518801672617 100
70.6346450530991 -7.78556470515307 29.4141371702374 10.8668684697076 -10.8668684697076 92
48.4396099288304 -4.41273777854219 -109.327567681681 7.45224768135852 -7.45224768135852 -65
-7.80150076533102 -1.94099321852222 -93.9769812942498 -1.200230886974 1.200230886974 -100
-9.22220511744016 -2.54787675460536 44.8564357064509 -1.41880078729849 1.41880078729849 33
36.259877476232 -3.55852443128817 96.2125741262138 5.57844268865107 -5.57844268865107 100
40.6830568246541 -2.01732835924051 -63.279087557865 6.25893181917756 -6.25893181917756 -25
-5.59723580673534 -0.988742502916528 -96.6394305139272 -0.861113201036206 0.861113201036206 -100
-25.1164819473339 -1.90043204165076 7.80821293217846 -3.86407414574368 3.86407414574368 -19
4.45490205021791 -2.55778085348786 73.5231909613836 0.685369546187371 -0.685369546187371 75
15.0857394258783 -1.93108714734648 -26.1897743547884 2.32088298859667 -2.32088298859667 -13
5.94346006502863 -1.44183306113364 -5.57794722397661 0.914378471542866 -0.914378471542866 -1
18.9617790352851 -0.84903964068687 28.6282483478119 2.91719677465924 -2.91719677465924 47
5.89445219412538 0.0256259726442981 -54.3918370517204 0.906838799096212 -0.906838799096212 -48
-8.90990429932905 -0.144951410652621 5.73976828316252 -1.37075450758908 1.37075450758908 -3
-8.96769131746105 -0.0109603779959557 -2.61709282111952 -1.37964481807093 1.37964481807093 -12
-11.7340858559828 -0.598750839785473 12.0145547803496 -1.80524397784351 1.80524397784351 0
4.68940303771897 -0.83827590510533 34.554469652774 0.721446621187535 -0.721446621187535 38
1.11183916040296 -0.615251699813021 -14.9953379590076 0.171052178523532 -0.171052178523532 -14
4.73449051541482 -0.496458536162253 10.3674350292416 0.728383156217664 -0.728383156217664 15
3.72589513627337 -0.239830135040126 -6.79329161068409 0.573214636349749 -0.573214636349749 -3
0.837769267914633 -0.114071618945812 -5.55639314835162 0.128887579679174 -0.128887579679174 -5
-5.44592953023889 -0.209553467780284 -20.0411930064897 -0.837835312344444 0.837835312344444 -26
-6.98554274831142 -0.590983840121727 10.9295405960602 -1.0746988843556 1.0746988843556 3
2.31432023050324 -0.723049513851537 17.6248034403709 0.356049266231267 -0.356049266231267 19
2.68589688444366 -0.548769485092533 -1.66017169174555 0.413214905299024 -0.413214905299024 0
7.08383820304818 -0.389538560298478 15.7767615435412 1.08982126200741 -1.08982126200741 22
7.27825109475661 -0.00111321606965462 -7.91347686055369 1.11973093765486 -1.11973093765486 -1
5.38414948389696 0.340646503986562 -8.05049714319748 0.828330689830301 -0.828330689830301 -2
4.0450906160736 0.603672748016097 -4.46495334779363 0.622321633242092 -0.622321633242092 0
0.851368589160534 0.743583413719661 -7.7622436533394 0.130979782947774 -0.130979782947774 -6
-5.39148696461204 0.607422328592526 -9.22820095808101 -0.829459533017237 0.829459533017237 -14
-6.65493623140249 0.285334032813245 -1.76670860517545 -1.02383634329269 1.02383634329269 -8
-8.6758050501853 -0.111843118347863 -5.08168781128574 -1.33473923849005 1.33473923849005 -14
-8.26032861870869 -0.573045323537231 1.67948667420271 -1.27081978749364 1.27081978749364 -7
-6.09537880239656 -0.987657727982265 13.8227691781115 -0.937750584984087 0.937750584984087 7
0.704476910703455 -1.1314264977491 11.1533277447409 0.108381063185147 -0.108381063185147 11
7.20079527036255 -0.946412701168444 16.6270507792625 1.10781465697885 -1.10781465697885 23
10.2833346466625 -0.476542403178301 -9.27038367850367 1.58205148410192 -1.58205148410192 1
8.17510550267466 -0.0306411713377126 4.16192778974376 1.25770853887302 -1.25770853887302 12
7.54843867508924 0.424885957988928 -9.87506764506328 1.16129825770604 -1.16129825770604 -2
4.61066959339604 0.743656900666381 -3.97631493556937 0.70933378359939 -0.70933378359939 1
