1.46710962972355E-4
-4.4525679395019E-5
1.06073010204504E-4
-1.65076349752392E-4
1.48809283521811E-4
-1.04352442464918E-4
2.3431760058338E-5
-1.26621236225137E-4
-1.5447189655226E-4
-3.18005858793177E-4
-3.35475630386051E-4
-2.82961294515987E-4
-2.90889379497716E-4
-2.61983530050626E-4
-2.69887843010156E-4
-4.25611014529012E-4
-3.65503704491618E-4
-2.5297481774509E-4
-3.21991504056009E-4
-2.25750216887823E-4
-2.06340794394327E-4
-2.63538370569818E-4
-2.339142434008E-4
-2.58060570119711E-4
-2.12566988750226E-4
-2.1509927363818E-4
-2.05703135003025E-4
-1.83092973949781E-4
-1.73301093893867E-4
-1.13742105701084E-4
-8.17393356112298E-5
3.47662276744862E-5
1.52265326108932E-4
1.77705776909376E-4
2.93531706737932E-4
3.45889390582999E-4
4.36267825487438E-4
3.82699057823774E-4
4.53572940073285E-4
4.79481661057268E-4
3.50498571800493E-4
4.041624207792E-4
3.94313798113679E-4
3.68656391226744E-4
2.18422378549298E-4
2.00232645092179E-4
2.55577331412176E-4
2.28852065951884E-4
1.81439619827511E-4
1.42169769851755E-4
2.06578144695095E-4
1.4969030265267E-4
1.16045558118501E-4
1.27852828189705E-4
1.96651592726635E-4
1.86583445828067E-4
9.46850720737162E-5
1.84554764385712E-4
2.05295617985097E-4
1.94444923594302E-4
2.25123239889757E-4
2.04751414299361E-4
2.28288778925413E-4
1.7014246033553E-4
2.8403322427005E-4
2.9945386243819E-4
2.27784396042438E-4
2.88839509011356E-4
3.0674396818222E-4
3.14273663709259E-4
1.35710802662598E-4
2.8749008310163E-4
2.25916608623835E-4
1.81081396062762E-4
2.02612245543118E-5
2.50282344229616E-4
1.76216708237907E-4
7.03225625206175E-6
4.18543826439373E-5
8.57937423485084E-5
9.74143505858315E-5
1.36380160190099E-4
1.41490055757418E-4
2.3686665867526E-4
9.45856442146836E-5
3.04534199066462E-4
1.77137231193302E-4
2.13892795128101E-4
2.20913862990277E-5
-1.35069417431565E-4
-2.75676880889775E-4
-2.90195122778578E-4
-3.26682990831617E-4
-2.68054141027433E-4
-2.6284237257361E-4
-3.49857991982343E-4
-4.12766379938416E-4
-3.22742582727827E-4
-3.22226967844694E-4
-4.33260029351266E-4
-4.53965244210681E-4
