-0.1773681640625   -54   978
-0.1773681640625   -62   979
0.8226318359375   -61   979
-1.1773681640625   -58   979
0.8226318359375   -63   979
-0.1773681640625   -60   978
-0.1773681640625   -53   977
-0.1773681640625   -48   976
-1.1773681640625   -54   976
0.8226318359375   -55   976
-0.1773681640625   -56   977
0.8226318359375   -55   976
2.8226318359375   -58   978
9.8226318359375   -71   978
16.8226318359375   -83   979
22.8226318359375   -77   977
27.8226318359375   -49   976
29.8226318359375   243   972
29.8226318359375   44   970
30.8226318359375   83   970
30.8226318359375   116   969
32.8226318359375   142   964
34.8226318359375   168   957
37.8226318359375   199   947
39.8226318359375   241   938
38.8226318359375   289   927
36.8226318359375   336   913
32.8226318359375   387   898
27.8226318359375   428   881
25.8226318359375   460   868
26.8226318359375   481   853
29.8226318359375   488   841
32.8226318359375   509   824
29.8226318359375   548   806
26.8226318359375   588   785
27.8226318359375   612   766
28.8226318359375   627   747
28.8226318359375   654   729
24.8226318359375   684   707
23.8226318359375   713   687
22.8226318359375   726   670
16.8226318359375   743   654
10.8226318359375   773   640
1.8226318359375   802   621
-7.1773681640625   815   613
-14.1773681640625   816   613
-21.1773681640625   806   621
-26.1773681640625   785   632
-30.1773681640625   767   649
-33.1773681640625   739   667
-36.1773681640625   712   690
-37.1773681640625   676   715
-36.1773681640625   640   741
-37.1773681640625   608   763
-37.1773681640625   574   786
-37.1773681640625   533   816
-37.1773681640625   499   835
-37.1773681640625   468   854
-38.1773681640625   434   873
-38.1773681640625   397   888
-38.1773681640625   363   902
-37.1773681640625   320   915
-35.1773681640625   277   929
-34.1773681640625   238   941
-33.1773681640625   201   951
-31.1773681640625   163   958
-29.1773681640625   127   962
-24.1773681640625   81   965
-18.1773681640625   46   967
-16.1773681640625   22   973
-19.1773681640625   21   977
-16.1773681640625   4   979
-5.1773681640625   -38   978
-5.1773681640625   -50   979
-14.1773681640625   -23   980
-22.1773681640625   -5   980
-24.1773681640625   -22   978
-26.1773681640625   -56   971
-28.1773681640625   -92   965
-33.1773681640625   -116   962
-39.1773681640625   -147   956
-41.1773681640625   -186   948
-38.1773681640625   -238   940
-40.1773681640625   -290   928
-41.1773681640625   -317   915
-39.1773681640625   -360   901
-42.1773681640625   -396   886
-41.1773681640625   -444   862
-39.1773681640625   -483   842
-45.1773681640625   -516   818
-43.1773681640625   -554   792
-39.1773681640625   -599   767
-35.1773681640625   -646   741
-34.1773681640625   -679   719
-37.1773681640625   -691   692
-41.1773681640625   -704   663
-43.1773681640625   -723   637
-43.1773681640625   -759   598
-41.1773681640625   -796   556
-43.1773681640625   -822   519
-40.1773681640625   -850   483
-38.1773681640625   -873   445
-28.1773681640625   -919   406
-10.1773681640625   -969   371
11.8226318359375   -1006   342
32.8226318359375   -1027   340
52.8226318359375   -1024   346
60.8226318359375   -984   378
67.8226318359375   -927   423
69.8226318359375   -867   474
70.8226318359375   -815   534
67.8226318359375   -753   593
60.8226318359375   -683   673
54.8226318359375   -619   729
47.8226318359375   -548   772
44.8226318359375   -508   808
35.8226318359375   -462   839
36.8226318359375   -433   861
31.8226318359375   -402   878
32.8226318359375   -373   893
30.8226318359375   -342   907
29.8226318359375   -307   919
27.8226318359375   -275   931
23.8226318359375   -238   941
19.8226318359375   -202   951
15.8226318359375   -184   956
16.8226318359375   -176   960
15.8226318359375   -164   962
18.8226318359375   -151   965
20.8226318359375   -132   967
20.8226318359375   -112   968
17.8226318359375   -78   971
12.8226318359375   -49   974
10.8226318359375   -22   976
7.8226318359375   -15   979
4.8226318359375   -3   980
1.8226318359375   6   980
-1.1773681640625   10   980
-2.1773681640625   10   979
-0.1773681640625   1   979
-0.1773681640625   -7   979
-0.1773681640625   -8   979
-2.1773681640625   -1   978
-1.1773681640625   -5   979
-1.1773681640625   -8   979
0.8226318359375   -16   979
-1.1773681640625   -11   979
-2.1773681640625   -8   979
-2.1773681640625   -3   979
-1.1773681640625   -9   978
-0.1773681640625   -16   978
-0.1773681640625   -15   978
-0.1773681640625   -16   979
-0.1773681640625   -13   979
-0.1773681640625   -16   979
-0.1773681640625   -11   979
-1.1773681640625   -11   979
-1.1773681640625   -10   979
-1.1773681640625   -12   979
-1.1773681640625   -15   979
-2.1773681640625   -15   978
-0.1773681640625   -17   979
-0.1773681640625   -19   979
0.8226318359375   -19   980
-1.1773681640625   -14   980
-2.1773681640625   -10   980
-1.1773681640625   -16   979
0.8226318359375   -24   979
-0.1773681640625   -24   979
-0.1773681640625   -18   978
-1.1773681640625   -16   978
-0.1773681640625   -16   979
-0.1773681640625   -18   978
0.8226318359375   -20   979
-0.1773681640625   -20   979
-0.1773681640625   -18   979
-1.1773681640625   -15   979
-0.1773681640625   -16   979
-0.1773681640625   -20   978
-0.1773681640625   -17   978
-1.1773681640625   -15   977
-1.1773681640625   -16   977
-0.1773681640625   -20   976
-0.1773681640625   -20   978
-0.1773681640625   -22   979
-1.1773681640625   -21   979
-1.1773681640625   -21   980
-1.1773681640625   -21   980
-1.1773681640625   -22   980
-0.1773681640625   -24   979
-1.1773681640625   -21   979
-0.1773681640625   -24   979
-1.1773681640625   -24   978
-0.1773681640625   -24   979
-0.1773681640625   -26   979
0.8226318359375   -29   979
-0.1773681640625   -28   979
0.8226318359375   -24   979
-0.1773681640625   -22   977
-0.1773681640625   -22   979
