0.00264065062253942
-0.0396683973701636
-0.0370377181696614
-0.249614686162827
-0.647086645915127
-0.813979508246831
-1.10439504828283
-1.53831604027995
-2.1710172659048
-3.13525101013152
-4.71180144155008
-6.99851315633759
-9.94436762597581
-13.4733203668028
-17.5294589299835
-22.2182556520869
-27.7069405074587
-33.900266078164
-40.6155589549218
-47.8558085941214
-55.4969329416401
-63.6202533056187
-72.290377570653
-81.4498530598858
-91.1453104830959
-100.69228200393
-109.678243479468
-118.173091603429
-126.196816347725
-133.756669231617
-140.789551283638
-147.279721420178
-153.087671917935
-158.025092430926
-162.117310919919
-165.265257059124
-167.460129519705
-168.768648088945
-169.186449007578
-168.738978533976
-167.5543613669
-165.80681479984
-163.57229782608
-160.896934262464
-157.931173335224
-154.911212327978
-151.798865275657
-148.565366877692
-145.238482001143
-141.902309040608
-138.589627647767
-135.247265592202
-131.941655681627
-128.722015447698
-125.598000651142
-122.44179300905
-119.326356999211
-116.300110338019
-113.241466824614
-110.133270770824
-106.971398169582
-103.715345852851
-100.253313977088
-96.4035208579562
-92.0263011220478
-87.0174893920438
-81.4705645264235
-75.4223057112112
-68.756273143289
-61.4962941659232
-53.6568238087939
-45.4768147971596
-36.7203038354844
-27.476873516563
-17.9056347813819
-8.14126028734209
1.90951395689937
12.4113904942953
23.0450694384166
33.8516418162034
44.9107380472452
56.1571731925827
67.7767212703602
79.7524647009713
92.1209189210245
103.815138751704
114.77013888365
125.048590607767
134.625249166178
143.321296709551
150.914272473619
157.334901287301
162.654929851431
166.90800348469
170.202189352299
172.68462580095
174.278965076151
175.00760693631
175.036975522542
174.44492890188
173.222975092041
