-7.04560049544058
-78.2459365347677
-38.3418290461095
26.7628382880108
53.8809915001061
18.4457951005131
16.6440896196733
-65.468392153746
-20.2165779208772
66.3743268514086
16.6388667661835
-10.2204800756031
-9.13099601544934
6.80988794513201
-0.628573824002171
2.79594539096947
2.61410482314219
1.79144465781665
-1.68537045429572
2.2948779424809
-2.60081733613893
-1.27921824760639
-0.238837468060877
1.17137742589025
10.9116368816745
-12.4092893559115
1.53772139487951
-35.9364652468652
-80.262586709486
-93.4810386789322
-48.3558255532379
-12.0563304886815
63.7048516545698
63.9721190415177
69.3383690204234
56.0078911089615
19.3576534282026
20.6363827316867
0.112112005370521
5.9987519333058
25.2315957318615
84.5511309590148
110.170813033383
87.4508020182705
39.3594141952136
-12.5608293863144
-51.3242190348579
-51.2027819869524
-45.2651703784345
-62.1316529716748
-68.7099668982216
-37.7227199018592
-29.8300408264305
-18.0109163069676
-91.9639968725813
-81.2701586678092
-31.5564803123876
28.6967489870209
19.1194934280473
53.3636631399717
58.0569427195358
51.0640806107139
33.9282655016627
45.7687573777714
50.6185239828104
54.6055403190178
36.8438362480878
47.6761480700865
-4.62855298552549
-23.3187296890524
-42.0222696540956
-54.5818622411925
-60.056932676587
-55.6178427383405
-41.5747124835629
-43.4013985082316
-26.3065395360643
-4.17925614299049
-0.341839168146375
0.556040166585006
0.845303694785401
4.97609596941706
5.89988133424488
3.59987360209126
1.75787762749076
0.580938289396862
-0.409770486213823
1.55911440366023
-0.658025957521326
0.638356887094197
-0.415210684128646
1.96295541664902
31.4523039272931
62.851453186788
64.0079765133981
49.978260665229
35.6461873280539
25.1883730795062
27.5507808903721
7.55222099934029
-9.02739033487234
-57.166039605996
-76.9168970345656
-80.2492209586994
-52.8663063476436
-34.6690268616174
-18.5894844667977
2.02538513812978
62.4702894568015
104.377431877738
82.3612327194892
31.9317000263904
23.3760319851382
5.10363977943786
1.85379535949423
-3.80043924529819
-3.86489273642235
-5.18194084570751
-3.74540567519745
-9.86244812983279
-31.0742361749689
4.24714780651368
3.23520485427232
-0.543874482839592
0.915498675440645
-0.224079584808208
3.20260616928296
-7.29261167270756
-57.0759330790506
-52.7830896805004
-53.2278269005266
-25.5613499387739
-11.1973596384991
-22.6412295275107
-6.29426570470384
0.513454563599639
7.03641239193403
3.07314758005952
0.584481012703384
10.4283608903899
30.2874308852697
13.697343955995
9.41235372477346
8.48768015086156
36.8950716076119
31.414521898309
30.1924841714831
18.8972175624509
9.82402601509418
-2.61793188624572
-0.96394101602976
-19.6226664170971
-64.8134575003184
-81.8028959424287
-46.7765911297203
-15.5818075146683
-1.60006169125458
100.977328942821
24.2320954973074
-18.0545816537708
-47.3307962082907
-33.6445989212789
-16.527956161682
25.0888299027803
-37.1188223710325
6.05531812847512
-4.36778176724661
-7.03338164524101
7.32173732672759
-4.7129464975449
0.533301023866627
20.4891518932789
49.3475566412203
21.9590469555893
18.9307844423979
13.9030219226877
6.86222182252839
-0.352853039194529
2.74777992076378
