0.00195712424605122
-0.0110715688353329
0.0084180178327486
-0.0333864811723002
-0.0143534012313968
-0.0134081978229764
-0.0233747318169701
-0.0357869239286859
-0.0487644900984051
-0.0807539513348364
-0.124608368778626
-0.173016906401179
-0.215137183069237
-0.250491031483696
-0.287100216482495
-0.337080315383843
-0.388447785680151
-0.429715318513826
-0.463811632833164
-0.495881296269728
-0.520467146876931
-0.558790675534628
-0.593656273204607
-0.624593818221588
-0.66129664797771
-0.686188059281478
-0.712838743414632
-0.741392141068765
-0.767197693702375
-0.788147339741339
-0.801075965561382
-0.805713958839999
-0.79259383440121
-0.763393507059217
-0.730394967128294
-0.680347026626899
-0.63130665737558
-0.577292070842899
-0.514068338952429
-0.449995858433649
-0.394439825500027
-0.341452874636603
-0.292546870009729
-0.240602008420107
-0.208705875252953
-0.184152052370753
-0.150942234003437
-0.119891345854065
-0.089430135516566
-0.067290445969212
-0.0410865451107093
-0.0162898027801353
0.0028320454433324
0.0198840193665393
0.0391357632986155
0.065774758855205
0.0805683786017568
0.101861205256174
0.127712703705799
0.153660102011504
0.183376086222495
0.212368655370416
0.246130034211492
0.267954975433882
0.310216279808104
0.35184499635251
0.38465605741834
0.419087597620855
0.464604470009628
0.498931427233833
0.535008302329052
0.558029183277796
0.600895088956191
0.629206682087403
0.640378624731131
0.660772450382129
0.67648614702094
0.70189025763153
0.71517536404753
0.725513022350101
0.746748113924172
0.75728586279574
0.787007755702129
0.810826960891148
0.841192586161916
0.859097470151707
0.889162884373606
0.919227520438506
0.932018946157511
0.925456464389459
0.89496388228121
0.855832316796239
0.821048798280123
0.773525889515546
0.733516669017043
0.69296225501247
0.63684310467161
0.586404320971554
0.536440725006657
0.486455708696303
0.432051059387459
