0.0
-0.372604074194889
-0.836630885976248
-0.253813807635582
0.937619451642393
1.05918474521016
-0.179971148963744
-1.41798377221873
-1.99455876740625
-2.17778804887825
-2.05926483402762
-1.81823352314809
-0.593658483177027
0.503003907789953
0.437352687098106
0.894968005612657
1.01091283649295
0.393675162096136
0.221164104627187
0.498136105665757
0.461136621605253
0.225866079973994
-0.16366282243298
-0.576805788027244
-1.17842425874248
-1.86078937071323
-2.25816070847441
-2.11274640539048
-1.43053347007872
-0.832610385459331
-0.261728358111931
0.216037075878755
0.65513239342828
1.07507616285539
1.37730666616855
1.60579567269488
1.88574893742973
2.26305083569933
2.6945505682395
2.55022650758954
1.85785161133634
2.17022037224296
2.74939582802979
3.02234889670935
2.62592832248674
1.467217824489
1.77160427708141
2.25858809536479
2.15369612253852
1.74991025353178
1.12891987120095
1.05862527492195
1.01842753440795
0.773223343198431
1.11269206799864
1.36935507505947
1.10793588515013
0.808991929144401
0.634461571069782
0.995692610441682
1.68138721965547
2.00795012385917
1.80910967763091
1.52028752960927
0.405475886301892
-0.846030005899385
-1.06722393356234
-0.661724996195116
0.262576517916357
0.259094958886769
0.176712500100828
0.415415195016365
0.724989774202541
1.10192905247449
1.4017817811018
1.43317597541753
1.23768015473084
0.935194694641443
0.417519385662598
0.0371113453811844
-0.111226181956019
-0.0375522689748299
0.506396964148721
0.89973880465685
0.77668699768552
0.517873882117512
0.149205423484524
-0.0715876270740021
0.278888155395488
0.770165412761834
0.627048052853044
0.683869143640993
1.04795963252941
1.73112618412577
2.56718401116522
3.27599699010763
2.87310292131507
2.23017691764857
1.58565907710203
1.32936998557355
1.63149374359223
1.69450378266995
0.980978858687374
0.71793442537676
0.92094896595412
1.4691864914455
1.82339082769986
1.10261969308929
1.06876596008715
1.36227636418399
1.34654844227443
1.44716943348487
0.879982385031952
0.923206641124787
1.22406632081253
1.16569989725039
0.779035520226704
0.243959214149245
-0.0699377467910598
-0.123882756306904
0.372026325612416
0.831455970350154
0.738019795507717
-0.784504799748989
