2 0.0270419420750034
8 0.151240815842864
-8 -0.13490571397066
1 0.0260096422947841
-42 -0.752081018572637
100 2.86373986895834
-100 -2.30273125187822
100 5.51073247057515
15 0.26523145919825
-20 -0.360060530480302
77 1.39001642734552
-82 -1.46466838463002
100 5.08465017139112
61 1.09788994770619
9 0.165112866182833
100 2.26838964754464
-100 -3.24542707074581
97 1.74685404379913
-100 -4.15216995315507
100 3.48901847151777
-100 -4.77665485229873
100 2.53541188993976
-100 -5.12525791066416
100 1.94506500114115
-100 -4.60115178316427
-100 -3.48544907150444
100 3.69545360586118
-100 -5.34352669955826
100 2.63486873244458
-50 -0.905612437018442
100 2.50530409059389
11 0.196922559005757
-100 -2.3423630276941
100 2.70252257070892
-100 -5.98443095743983
100 3.08727841567153
-100 -4.27327815409172
100 1.88881534134642
50 0.893725547018851
-17 -0.300679860712259
100 2.32082177631688
-100 -3.6374351586283
100 3.54263993634384
-100 -2.90345189032516
100 5.58587945449345
-100 -2.58991117840419
100 3.43399683219349
-100 -1.82072676745363
-7 -0.123595338381111
-66 -1.17704279042008
-100 -2.84749586842372
100 2.93027259746661
-100 -8.13642564551024
-100 -10.160617061543
-100 -12.9604444723227
-100 -21.0259458708232
-100 -34.6256841029644
-100 -49.1191059430418
-100 -51.0360997995169
-100 -50.6853039209341
-100 -48.7490729951266
-100 -33.8050971323377
-100 -19.1580951957203
-100 -3.3763518364079
100 13.702103281454
100 10.0894778668907
100 4.0661987328598
-100 -4.39047642780679
48 0.85820112801626
-100 -2.61753883997207
100 3.01570413955316
-100 -2.37580267051283
100 2.2795839979412
100 4.9130130270863
-100 -2.2320173072078
100 8.46683012978128
100 3.6657636232051
-61 -1.0909543975697
100 3.62339120361267
-100 -2.73011421719148
100 3.70837383940522
-100 -3.36642625449008
100 2.06134185874259
-100 -2.88075539454563
-100 -6.05797148225922
-100 -8.02700919483051
-100 -14.1361389822023
-100 -25.8775900945921
-100 -35.0406286749745
-100 -42.2942986407252
-100 -43.0379296161968
-100 -35.5674490667891
-100 -18.1423229983786
-100 -2.42531501486414
100 5.35214895726128
100 9.39255271934193
100 14.1632426619946
100 16.7766077636604
