0.626502805091155
4.68229882635354
-4.02248371451084
13.0939843782427
11.4132630350063
-0.254399428655542
-15.330504227536
-8.69839622207621
-2.73460546094747
21.9471512858195
21.508303251744
4.89681375825483
-7.67555297564878
-8.17593244230594
2.16454074023093
-1.95629435292421
-5.44068203187888
-6.81158103720443
-15.937561219063
-15.7561195164514
-2.04201615081874
11.0016723030744
18.1036700848074
10.4706117044091
13.1615944165268
5.39761744246592
-7.93892148731094
-13.9772664511109
11.5681670082451
5.02317376198561
-14.8865914336124
-11.5355193145553
-7.93246419783715
1.38531674601155
5.58175109735648
2.75619398423103
0.434921689336319
8.80788295605411
4.25277307960763
1.25614525778268
-1.70577781875196
-2.7877846539051
1.58591761483795
1.64471656514849
1.26141604633699
11.169146157645
6.25723320741447
1.33258876290507
-2.79688963133422
-16.5278349651386
-24.6348721546262
9.08986327643386
26.3567340878072
-6.38131616817363
-43.0842792590523
-20.116576241317
-6.16525272474908
34.7859386343362
-13.2370674128305
-50.9691186821782
-36.3621441741784
1.90892027630624
16.2188326568629
-19.472929639443
-11.8849948902729
-7.27493210314557
10.0147370273073
5.72855716126685
-11.8252573951507
-10.6695740155049
8.70000532020119
4.76087327042764
-0.167123445689695
-2.95398153899848
-5.5217253055059
-20.7369077393351
-11.1207329258213
5.04687826024245
25.9348115058934
-19.7574929964076
-29.0025268632439
-19.9289709602489
13.07057215144
40.2134564016355
-16.3508461719727
-39.6439153565444
-31.3711069935003
18.7000360627816
22.3544754050377
2.8491153330321
-26.408493052191
-29.8466076771539
6.86156958835717
-12.4877715088811
-27.7545967366254
24.3906547020358
15.7832575034516
