-0.112134959281458
0.634354166853149
-0.482316893682359
1.91290446396579
0.822389312216913
0.768233146133044
1.33927348036255
2.05043970286944
2.79399947274611
4.62686059049097
7.13953362302503
9.91313852119756
12.3264526062006
14.3520789098944
16.4496307017392
19.3132794284329
22.256418680675
24.6208741429621
26.5744490504117
28.4119054157318
29.8205708912636
32.0163473393984
34.0139989360893
35.7865896940583
37.8895069352713
39.3156797491014
40.8426514710674
42.478640647408
43.9571899013166
45.1575162016421
45.8982718960345
46.1640093363093
45.4122815792802
43.7392260621835
41.8485489940477
38.981013229996
36.1712070461322
33.0763992056654
29.4539462032748
25.7828634866146
22.5997372730282
19.563808619287
16.7617009613198
13.7854796248432
11.9579658115781
10.5511353895162
8.648352958673
6.8692681175812
5.12396932638224
3.85545855558895
2.35408562961751
0.933336948402227
-0.162264251292202
-1.1392703894591
-2.24231406503365
-3.76861608089398
-4.6162280560928
-5.83621715729454
-7.3173989125471
-8.80407532480884
-10.506675804176
-12.1678276535931
-14.102212171729
-15.3526891918931
-17.7740835692538
-20.1592333337947
-22.0391686542128
-24.0119505899519
-26.6198752744641
-28.5866650469372
-30.6537177279138
-31.97271704695
-34.4287525273279
-36.0508873250379
-36.6909924874858
-37.8594726254136
-38.7598011233664
-40.2153494436367
-40.9765299716557
-41.5688341624413
-42.7855152872094
-43.389283823119
-45.0922228457949
-46.4569627744818
-48.1967849447726
-49.222659230059
-50.9452805742864
-52.667857333402
-53.4007520410561
-53.0247495326152
-51.2776532713564
-49.0355797233277
-47.0426309157392
-44.3197688133436
-42.0274093371711
-39.7038125740828
-36.4884221096914
-33.5984926799049
-30.7357895018194
-27.8718590283435
-24.7547022370575
